0.283125;0.3221875;0.0365625;0.021875;0.0715625;0.064375;0.0790625;0.045625;0.05375;0.021875;0.4984375;0.14625;0.085625;0.046875;0.0515625;0.06125;0.03;0.040625;0.0240625;0.0153125;0.190625;0.4409375;0.098125;0.0615625;0.0534375;0.0478125;0.0353125;0.035625;0.02125;0.0153125;0.095;0.25875;0.236875;0.034375;0.0184375;0.0384375;0.0684375;0.0990625;0.1246875;0.0259375;0.0484375;0.0703125;0.1325;0.1034375;0.1353125;0.1225;0.1425;0.144375;0.073125;0.0275;0.0896875;0.0784375;0.1415625;0.1546875;0.144375;0.1334375;0.1165625;0.06875;0.045;0.0275;0.068125;0.0821875;0.164375;0.143125;0.1646875;0.133125;0.110625;0.0565625;0.0659375;0.01125;0.0325;0.0396875;0.0934375;0.07125;0.1334375;0.148125;0.2665625;0.1375;0.0696875;0.0078125;0.03125;0.0;0.0;0.0;0.0;0.0;0.1659375;0.639375;0.1215625;0.041875;0.03125;0.0;0.0;0.0;0.0;0.0;0.0;0.5328125;0.37375;0.0621875;0.716875;0.21625;0.035625;0.0;0.0;0.0;0.0;0.0;0.0;0.03125;0.8778125;0.0909375;0.0;0.0;0.0;0.0;0.0;0.0;0.0;0.03125;0.01;0.0;0.0;0.0;0.0246875;0.198125;0.1028125;0.2846875;0.12;0.2596875;0.01;0.0;0.0;0.0;0.0165625;0.2340625;0.1521875;0.2225;0.144375;0.2203125;0.195625;0.0990625;0.1003125;0.0846875;0.1453125;0.0734375;0.138125;0.1103125;0.043125;0.01;0.8484375;0.1396875;0.001875;0.0;0.0;0.0;0.0;0.0;0.0;0.01;0.01;0.0;0.0;0.0;0.0;0.1184375;0.1853125;0.1571875;0.3475;0.1815625;0.01;0.0;0.0;0.0;0.0;0.12125;0.201875;0.1696875;0.3275;0.1696875;0.111875;0.1615625;0.11;0.138125;0.1940625;0.158125;0.10625;0.01;0.0;0.01;0.785;0.205;0.0;0.0;0.0;0.0;0.0;0.0;0.0;0.01;0.0409375;0.0;0.0;0.0;0.0;0.0171875;0.301875;0.2225;0.235;0.1825;0.0409375;0.0;0.0;0.0;0.0;0.0;0.370625;0.2178125;0.20375;0.166875;0.2721875;0.2334375;0.1575;0.12125;0.1575;0.0171875;0.0;0.0;0.0;0.0409375;0.278125;0.680625;0.0003125;0.0;0.0;0.0;0.0;0.0;0.0;0.0409375;1
0.34405940594059403;0.255259900990099;0.038985148514851485;0.023514851485148515;0.06683168316831684;0.06992574257425743;0.07116336633663366;0.04672029702970297;0.0609529702970297;0.022586633663366336;0.4910272277227723;0.1448019801980198;0.07766089108910891;0.05290841584158416;0.04888613861386139;0.06188118811881188;0.034653465346534656;0.04548267326732673;0.02568069306930693;0.01701732673267327;0.3372524752475248;0.30167079207920794;0.08694306930693069;0.056002475247524754;0.0594059405940594;0.0426980198019802;0.038056930693069306;0.038675742574257425;0.021967821782178217;0.017326732673267328;0.011757425742574257;0.20977722772277227;0.2172029702970297;0.1469678217821782;0.040532178217821783;0.024133663366336634;0.08075495049504951;0.09282178217821782;0.13242574257425743;0.04362623762376237;0.038985148514851485;0.06590346534653466;0.13242574257425743;0.11045792079207921;0.1373762376237624;0.12469059405940594;0.1463490099009901;0.1500618811881188;0.0739480198019802;0.019801980198019802;0.07920792079207921;0.0823019801980198;0.13892326732673269;0.15717821782178218;0.14449257425742573;0.1342821782178218;0.13551980198019803;0.059096534653465344;0.04857673267326733;0.02042079207920792;0.09158415841584158;0.0823019801980198;0.16058168316831684;0.1766707920792079;0.13242574257425743;0.13025990099009901;0.11045792079207921;0.0609529702970297;0.04733910891089109;0.007425742574257425;0.02042079207920792;0.04795792079207921;0.07766089108910891;0.0838490099009901;0.12561881188118812;0.15872524752475248;0.27660891089108913;0.1349009900990099;0.06992574257425743;0.004331683168316832;0.03125;0.0;0.0;0.0;0.0;0.0;0.17883663366336633;0.6413985148514851;0.11386138613861387;0.034653465346534656;0.03125;0.0;0.0;0.0;0.0;0.0;0.0;0.4313118811881188;0.47370049504950495;0.06373762376237624;0.7252475247524752;0.21627475247524752;0.027227722772277228;0.0;0.0;0.0;0.0;0.0;0.0;0.03125;0.8978960396039604;0.0708539603960396;0.0;0.0;0.0;0.0;0.0;0.0;0.0;0.03125;0.009900990099009901;0.0;0.0;0.0;0.01701732673267327;0.19090346534653466;0.10736386138613861;0.28248762376237624;0.11788366336633663;0.2744430693069307;0.009900990099009901;0.0;0.0;0.0;0.008972772277227722;0.2301980198019802;0.15594059405940594;0.21441831683168316;0.14820544554455445;0.23236386138613863;0.18162128712871287;0.10581683168316831;0.0999381188118812;0.08292079207920793;0.14016089108910892;0.07054455445544554;0.1448019801980198;0.11788366336633663;0.04641089108910891;0.009900990099009901;0.8431311881188119;0.1432549504950495;0.0037128712871287127;0.0;0.0;0.0;0.0;0.0;0.0;0.009900990099009901;0.009900990099009901;0.0;0.0;0.0;0.0;0.12623762376237624;0.17326732673267325;0.15346534653465346;0.3564356435643564;0.1806930693069307;0.009900990099009901;0.0;0.0;0.0;0.0;0.12685643564356436;0.19152227722772278;0.1890470297029703;0.3307549504950495;0.15191831683168316;0.10829207920792079;0.15655940594059406;0.11324257425742575;0.1438737623762376;0.1983292079207921;0.15686881188118812;0.10272277227722772;0.01021039603960396;0.0;0.009900990099009901;0.786509900990099;0.20358910891089108;0.0;0.0;0.0;0.0;0.0;0.0;0.0;0.009900990099009901;0.04084158415841584;0.0;0.0;0.0;0.0;0.017945544554455444;0.31373762376237624;0.21782178217821782;0.22679455445544555;0.1828589108910891;0.04084158415841584;0.0;0.0;0.0;0.0;0.0024752475247524753;0.37685643564356436;0.2156559405940594;0.20451732673267325;0.15965346534653466;0.286509900990099;0.22741336633663367;0.15408415841584158;0.11726485148514851;0.15625;0.017636138613861384;0.0;0.0;0.0;0.04084158415841584;0.2868193069306931;0.6704826732673267;0.0018564356435643563;0.0;0.0;0.0;0.0;0.0;0.0;0.04084158415841584;1
0.37933168316831684;0.22431930693069307;0.03372524752475248;0.03372524752475248;0.06683168316831684;0.07982673267326733;0.0625;0.04764851485148515;0.055074257425742575;0.01701732673267327;0.5040222772277227;0.14139851485148514;0.0640470297029703;0.04919554455445545;0.06219059405940594;0.05754950495049505;0.037747524752475246;0.04548267326732673;0.024133663366336634;0.014232673267326733;0.2691831683168317;0.3694306930693069;0.08570544554455446;0.04981435643564357;0.06188118811881188;0.04393564356435643;0.039603960396039604;0.040532178217821783;0.024133663366336634;0.01577970297029703;0.03589108910891089;0.07116336633663366;0.3849009900990099;0.11045792079207921;0.028155940594059407;0.08818069306930693;0.1234529702970297;0.11448019801980198;0.0411509900990099;0.002165841584158416;0.013923267326732673;0.053836633663366336;0.13397277227722773;0.11417079207920793;0.12438118811881188;0.13923267326732675;0.14603960396039603;0.1729579207920792;0.07332920792079207;0.028155940594059407;0.07735148514851485;0.08663366336633663;0.16955445544554457;0.15655940594059406;0.1547029702970297;0.13892326732673269;0.12066831683168316;0.0655940594059406;0.026918316831683168;0.003094059405940594;0.0655940594059406;0.10705445544554455;0.2004950495049505;0.19616336633663367;0.15377475247524752;0.1358292079207921;0.0724009900990099;0.06435643564356436;0.0037128712871287127;0.0006188118811881188;0.0049504950495049506;0.009900990099009901;0.0034034653465346535;0.1692450495049505;0.07425742574257425;0.17543316831683167;0.21070544554455445;0.20823019801980197;0.10674504950495049;0.03712871287128713;0.03125;0.0;0.0;0.0;0.0;0.0;0.006806930693069307;0.6856435643564357;0.2271039603960396;0.04919554455445545;0.03125;0.0;0.0;0.0;0.0;0.0;0.0;0.4879331683168317;0.4238861386138614;0.05693069306930693;0.5241336633663366;0.40594059405940597;0.038675742574257425;0.0;0.0;0.0;0.0;0.0;0.0;0.03125;0.9495668316831684;0.019183168316831683;0.0;0.0;0.0;0.0;0.0;0.0;0.0;0.03125;0.009900990099009901;0.0;0.0;0.0;0.04424504950495049;0.17202970297029702;0.13613861386138615;0.2651608910891089;0.15655940594059406;0.21596534653465346;0.009900990099009901;0.0;0.0;0.0;0.034653465346534656;0.23360148514851486;0.1469678217821782;0.21132425742574257;0.19616336633663367;0.16738861386138615;0.17728960396039603;0.09777227722772278;0.10674504950495049;0.08013613861386139;0.1417079207920792;0.06188118811881188;0.1342821782178218;0.1311881188118812;0.058787128712871284;0.01021039603960396;0.8452970297029703;0.1448019801980198;0.0;0.0;0.0;0.0;0.0;0.0;0.0;0.009900990099009901;0.009900990099009901;0.0;0.0;0.0;0.0;0.13768564356435645;0.1707920792079208;0.15501237623762376;0.359529702970297;0.1670792079207921;0.009900990099009901;0.0;0.0;0.0;0.0;0.12995049504950495;0.20327970297029702;0.1936881188118812;0.32023514851485146;0.14294554455445543;0.11417079207920793;0.15222772277227722;0.10457920792079207;0.14665841584158415;0.18780940594059406;0.1655321782178218;0.11107673267326733;0.008044554455445545;0.0;0.009900990099009901;0.7877475247524752;0.20235148514851486;0.0;0.0;0.0;0.0;0.0;0.0;0.0;0.009900990099009901;0.04084158415841584;0.0;0.0;0.0;0.0;0.03125;0.3248762376237624;0.19863861386138615;0.24195544554455445;0.1624381188118812;0.04084158415841584;0.0;0.0;0.0;0.0;0.0018564356435643563;0.37592821782178215;0.24350247524752475;0.20915841584158415;0.12871287128712872;0.26082920792079206;0.22153465346534654;0.17419554455445543;0.12778465346534654;0.1577970297029703;0.01701732673267327;0.0;0.0;0.0;0.04084158415841584;0.27413366336633666;0.6850247524752475;0.0;0.0;0.0;0.0;0.0;0.0;0.0;0.04084158415841584;1
0.3503125;0.2553125;0.0321875;0.0453125;0.0734375;0.0590625;0.0721875;0.044375;0.055;0.0128125;0.53125;0.1225;0.07875;0.05625;0.0509375;0.0540625;0.0346875;0.041875;0.0165625;0.013125;0.3184375;0.3403125;0.091875;0.0446875;0.0496875;0.050625;0.0309375;0.0396875;0.0184375;0.0153125;0.065;0.12875;0.335;0.076875;0.03;0.083125;0.101875;0.129375;0.0478125;0.0021875;0.0625;0.056875;0.1425;0.1159375;0.1271875;0.1040625;0.15375;0.12625;0.0809375;0.03;0.090625;0.076875;0.1453125;0.1503125;0.1503125;0.13;0.1015625;0.070625;0.065;0.019375;0.0778125;0.0753125;0.1653125;0.1515625;0.166875;0.12375;0.090625;0.0628125;0.071875;0.0140625;0.019375;0.006875;0.1915625;0.0725;0.165;0.1603125;0.2246875;0.0896875;0.0665625;0.0034375;0.03125;0.0;0.0;0.0;0.0;0.0;0.0625;0.716875;0.1221875;0.0671875;0.03125;0.0;0.0;0.0;0.0;0.0;0.001875;0.6078125;0.291875;0.0671875;0.5240625;0.3771875;0.0675;0.0;0.0;0.0;0.0;0.0;0.0;0.03125;0.895;0.07375;0.0;0.0;0.0;0.0;0.0;0.0;0.0;0.03125;0.01;0.0;0.0;0.0;0.058125;0.1821875;0.1134375;0.284375;0.134375;0.2175;0.01;0.0;0.0;0.0;0.0415625;0.2259375;0.150625;0.22625;0.1475;0.198125;0.2090625;0.084375;0.1034375;0.0825;0.1528125;0.0721875;0.1178125;0.1140625;0.05375;0.01;0.854375;0.13125;0.004375;0.0;0.0;0.0;0.0;0.0;0.0;0.01;0.01;0.0;0.0;0.0;0.0;0.1259375;0.1803125;0.145;0.33125;0.2075;0.01;0.0;0.0;0.0;0.0;0.125;0.2128125;0.156875;0.3196875;0.175625;0.1184375;0.1621875;0.1034375;0.1325;0.1734375;0.1725;0.11625;0.01125;0.0;0.01;0.8009375;0.1890625;0.0;0.0;0.0;0.0;0.0;0.0;0.0;0.01;0.0409375;0.0;0.0;0.0;0.0;0.030625;0.3109375;0.201875;0.2390625;0.1765625;0.0409375;0.0;0.0;0.0;0.0;0.0003125;0.3621875;0.2434375;0.21375;0.139375;0.2959375;0.1921875;0.1684375;0.1346875;0.14875;0.0190625;0.0;0.0;0.0;0.0409375;0.723125;0.2359375;0.0;0.0;0.0;0.0;0.0;0.0;0.0;0.0409375;1
0.4043560606060606;0.19791666666666666;0.02556818181818182;0.0726010101010101;0.07859848484848485;0.061553030303030304;0.06597222222222222;0.03851010101010101;0.04734848484848485;0.007575757575757576;0.5703914141414141;0.0928030303030303;0.09375;0.06376262626262626;0.035037878787878785;0.054608585858585856;0.03409090909090909;0.036616161616161616;0.010101010101010102;0.008838383838383838;0.5602904040404041;0.1407828282828283;0.09217171717171717;0.04450757575757576;0.04892676767676768;0.036616161616161616;0.02904040404040404;0.03125;0.009154040404040404;0.00726010101010101;0.050505050505050504;0.1275252525252525;0.29797979797979796;0.09595959595959595;0.032512626262626264;0.03977272727272727;0.08806818181818182;0.1597222222222222;0.08617424242424243;0.021780303030303032;0.0928030303030303;0.09090909090909091;0.1369949494949495;0.10732323232323232;0.11742424242424243;0.10795454545454546;0.14993686868686867;0.08617424242424243;0.07386363636363637;0.036616161616161616;0.14267676767676768;0.08396464646464646;0.1581439393939394;0.1294191919191919;0.1581439393939394;0.13068181818181818;0.08333333333333333;0.05776515151515151;0.043560606060606064;0.01231060606060606;0.1111111111111111;0.11521464646464646;0.13257575757575757;0.16414141414141414;0.13920454545454544;0.13446969696969696;0.07291666666666667;0.047664141414141416;0.06849747474747475;0.014204545454545454;0.013573232323232324;0.03566919191919192;0.1701388888888889;0.09785353535353536;0.08112373737373738;0.14172979797979798;0.15782828282828282;0.17392676767676768;0.08712121212121213;0.041035353535353536;0.03125;0.0;0.0;0.0;0.0;0.0;0.14678030303030304;0.6158459595959596;0.12026515151515152;0.08585858585858586;0.03125;0.0;0.0;0.0;0.0;0.0;0.0031565656565656565;0.6944444444444444;0.17708333333333334;0.09406565656565656;0.5754419191919192;0.28566919191919193;0.10164141414141414;0.005997474747474747;0.0;0.0;0.0;0.0;0.0;0.03125;0.8718434343434344;0.09690656565656566;0.0;0.0;0.0;0.0;0.0;0.0;0.0;0.03125;0.010101010101010102;0.0;0.0;0.0;0.07859848484848485;0.22032828282828282;0.10574494949494949;0.2948232323232323;0.11268939393939394;0.17771464646464646;0.010101010101010102;0.0;0.0;0.0;0.05997474747474747;0.2553661616161616;0.1379419191919192;0.25441919191919193;0.11553030303030302;0.16666666666666666;0.26704545454545453;0.07828282828282829;0.08680555555555555;0.09343434343434344;0.1717171717171717;0.0634469696969697;0.10258838383838384;0.08933080808080808;0.037247474747474744;0.010101010101010102;0.8674242424242424;0.1148989898989899;0.007575757575757576;0.0;0.0;0.0;0.0;0.0;0.0;0.010101010101010102;0.010101010101010102;0.0;0.0;0.0;0.0;0.1351010101010101;0.19476010101010102;0.14172979797979798;0.29924242424242425;0.21906565656565657;0.010101010101010102;0.0;0.0;0.0;0.0;0.14362373737373738;0.2503156565656566;0.13036616161616163;0.2948232323232323;0.17077020202020202;0.12720959595959597;0.1919191919191919;0.09753787878787878;0.10069444444444445;0.1587752525252525;0.16666666666666666;0.1294191919191919;0.017676767676767676;0.0;0.010101010101010102;0.8434343434343434;0.14646464646464646;0.0;0.0;0.0;0.0;0.0;0.0;0.0;0.010101010101010102;0.041035353535353536;0.0;0.0;0.0;0.0;0.032196969696969696;0.2803030303030303;0.19602272727272727;0.24842171717171718;0.20202020202020202;0.041035353535353536;0.0;0.0;0.0;0.0;0.0012626262626262627;0.3374368686868687;0.23200757575757575;0.2345328282828283;0.1537247474747475;0.3020833333333333;0.16445707070707072;0.18434343434343434;0.13667929292929293;0.15246212121212122;0.01893939393939394;0.0;0.0;0.0;0.041035353535353536;0.6306818181818182;0.3282828282828283;0.0;0.0;0.0;0.0;0.0;0.0;0.0;0.041035353535353536;1
0.41382575757575757;0.19981060606060605;0.026199494949494948;0.06628787878787878;0.07133838383838384;0.059343434343434344;0.06439393939393939;0.03851010101010101;0.04955808080808081;0.010732323232323232;0.5565025252525253;0.10037878787878787;0.09564393939393939;0.05776515151515151;0.052398989898989896;0.04924242424242424;0.03377525252525253;0.03345959595959596;0.01167929292929293;0.009154040404040404;0.5508207070707071;0.15214646464646464;0.08270202020202021;0.043244949494949496;0.05397727272727273;0.03409090909090909;0.030934343434343436;0.030934343434343436;0.011994949494949494;0.009154040404040404;0.021464646464646464;0.16161616161616163;0.29797979797979796;0.10669191919191919;0.027777777777777776;0.039457070707070704;0.050189393939393936;0.1414141414141414;0.11963383838383838;0.03377525252525253;0.08743686868686869;0.06534090909090909;0.14962121212121213;0.0946969696969697;0.12878787878787878;0.10795454545454546;0.1360479797979798;0.10921717171717171;0.07859848484848485;0.0422979797979798;0.12373737373737374;0.07196969696969698;0.14867424242424243;0.14804292929292928;0.11742424242424243;0.1240530303030303;0.10321969696969698;0.06313131313131314;0.06818181818181818;0.03156565656565657;0.10037878787878787;0.08143939393939394;0.11710858585858586;0.19286616161616163;0.1407828282828283;0.1284722222222222;0.08838383838383838;0.047979797979797977;0.06912878787878787;0.03345959595959596;0.008838383838383838;0.02556818181818182;0.1597222222222222;0.10984848484848485;0.08080808080808081;0.14299242424242425;0.21369949494949494;0.16950757575757575;0.06565656565656566;0.02335858585858586;0.03125;0.0;0.0;0.0;0.0;0.0;0.17897727272727273;0.6199494949494949;0.10511363636363637;0.06470959595959595;0.03125;0.0;0.0;0.0;0.0;0.0;0.005366161616161616;0.7244318181818182;0.1691919191919192;0.06976010101010101;0.6066919191919192;0.27335858585858586;0.08712121212121213;0.0015782828282828283;0.0;0.0;0.0;0.0;0.0;0.03125;0.8996212121212122;0.06912878787878787;0.0;0.0;0.0;0.0;0.0;0.0;0.0;0.03125;0.010101010101010102;0.0;0.0;0.0;0.06470959595959595;0.20075757575757575;0.10606060606060606;0.29545454545454547;0.13068181818181818;0.19223484848484848;0.010101010101010102;0.0;0.0;0.0;0.04924242424242424;0.23674242424242425;0.1461489898989899;0.24021464646464646;0.1423611111111111;0.17518939393939395;0.22695707070707072;0.08775252525252525;0.09627525252525253;0.08491161616161616;0.16256313131313133;0.07133838383838384;0.11047979797979798;0.10542929292929293;0.04419191919191919;0.010101010101010102;0.8506944444444444;0.13352272727272727;0.005681818181818182;0.0;0.0;0.0;0.0;0.0;0.0;0.010101010101010102;0.010101010101010102;0.0;0.0;0.0;0.0;0.12247474747474747;0.18970959595959597;0.13289141414141414;0.29924242424242425;0.2455808080808081;0.010101010101010102;0.0;0.0;0.0;0.0;0.1360479797979798;0.21906565656565657;0.1461489898989899;0.30808080808080807;0.18055555555555555;0.15940656565656566;0.15309343434343434;0.1038510101010101;0.11300505050505051;0.17487373737373738;0.1701388888888889;0.10479797979797979;0.010732323232323232;0.0;0.010101010101010102;0.8446969696969697;0.1452020202020202;0.0;0.0;0.0;0.0;0.0;0.0;0.0;0.010101010101010102;0.041035353535353536;0.0;0.0;0.0;0.0;0.028093434343434344;0.27904040404040403;0.2086489898989899;0.23737373737373738;0.2058080808080808;0.041035353535353536;0.0;0.0;0.0;0.0;0.0012626262626262627;0.3390151515151515;0.22758838383838384;0.22695707070707072;0.16414141414141414;0.29734848484848486;0.1773989898989899;0.17897727272727273;0.12373737373737374;0.16382575757575757;0.017676767676767676;0.0;0.0;0.0;0.041035353535353536;0.7105429292929293;0.24842171717171718;0.0;0.0;0.0;0.0;0.0;0.0;0.0;0.041035353535353536;1
0.4134375;0.205;0.0284375;0.0571875;0.0659375;0.06625;0.0615625;0.0396875;0.05125;0.01125;0.5565625;0.1028125;0.0925;0.0559375;0.0515625;0.0496875;0.034375;0.034375;0.0125;0.0096875;0.5325;0.1709375;0.08125;0.04;0.0559375;0.034375;0.030625;0.0321875;0.0125;0.0096875;0.0175;0.1684375;0.281875;0.14125;0.0271875;0.0365625;0.080625;0.145625;0.0796875;0.02125;0.0665625;0.07125;0.15125;0.1071875;0.113125;0.1265625;0.15875;0.1028125;0.083125;0.019375;0.1265625;0.0965625;0.1475;0.1446875;0.13375;0.129375;0.088125;0.065625;0.05625;0.0115625;0.120625;0.0871875;0.1871875;0.148125;0.130625;0.1525;0.04375;0.0828125;0.03875;0.0084375;0.0084375;0.0259375;0.1375;0.1003125;0.078125;0.11875;0.2065625;0.22;0.076875;0.0275;0.03125;0.0;0.0;0.0;0.0;0.0;0.0746875;0.6953125;0.1190625;0.0796875;0.03125;0.0;0.0;0.0;0.0;0.0;0.0003125;0.6415625;0.2521875;0.0746875;0.6078125;0.28125;0.079375;0.0003125;0.0;0.0;0.0;0.0;0.0;0.03125;0.888125;0.080625;0.0;0.0;0.0;0.0;0.0;0.0;0.0;0.03125;0.01;0.0;0.0;0.0;0.065625;0.1878125;0.1040625;0.295;0.134375;0.203125;0.01;0.0;0.0;0.0;0.0303125;0.24125;0.1459375;0.23875;0.1409375;0.1928125;0.219375;0.098125;0.0815625;0.0925;0.1559375;0.071875;0.1225;0.10875;0.039375;0.01;0.8403125;0.145;0.0046875;0.0;0.0;0.0;0.0;0.0;0.0;0.01;0.01;0.0;0.0;0.0;0.0;0.1271875;0.185;0.1365625;0.3115625;0.2296875;0.01;0.0;0.0;0.0;0.0;0.1346875;0.215;0.15375;0.3053125;0.18125;0.1540625;0.150625;0.110625;0.1184375;0.169375;0.1703125;0.1059375;0.010625;0.0;0.01;0.858125;0.131875;0.0;0.0;0.0;0.0;0.0;0.0;0.0;0.01;0.0409375;0.0;0.0;0.0;0.0;0.0371875;0.2865625;0.2053125;0.2490625;0.1809375;0.0409375;0.0;0.0;0.0;0.0;0.00125;0.353125;0.23375;0.2196875;0.15125;0.2828125;0.19625;0.1596875;0.13625;0.1621875;0.021875;0.0;0.0;0.0;0.0409375;0.68375;0.2753125;0.0;0.0;0.0;0.0;0.0;0.0;0.0;0.0409375;1
0.3;0.2990625;0.030625;0.05;0.08125;0.0725;0.0634375;0.045;0.0490625;0.0090625;0.5709375;0.084375;0.1025;0.0571875;0.0496875;0.04375;0.03375;0.036875;0.01125;0.0096875;0.5134375;0.17625;0.089375;0.0459375;0.0503125;0.0359375;0.0296875;0.0334375;0.013125;0.0125;0.01;0.17125;0.275;0.1384375;0.016875;0.035625;0.079375;0.1346875;0.12375;0.015;0.09;0.0709375;0.1446875;0.1084375;0.0990625;0.1103125;0.150625;0.111875;0.08;0.0340625;0.116875;0.083125;0.1603125;0.1340625;0.1309375;0.1203125;0.10625;0.05375;0.06375;0.030625;0.105625;0.0934375;0.1715625;0.1421875;0.135;0.1525;0.0634375;0.0515625;0.0609375;0.02375;0.00125;0.0196875;0.084375;0.14625;0.089375;0.12125;0.185;0.2075;0.1109375;0.034375;0.03125;0.0;0.0;0.0;0.0;0.0;0.078125;0.67;0.1215625;0.0990625;0.03125;0.0;0.0;0.0;0.0;0.0;0.0;0.6990625;0.1765625;0.093125;0.715;0.1709375;0.0828125;0.0;0.0;0.0;0.0;0.0;0.0;0.03125;0.59875;0.37;0.0;0.0;0.0;0.0;0.0;0.0;0.0;0.03125;0.01;0.0;0.0;0.0;0.076875;0.2015625;0.110625;0.2865625;0.1309375;0.1834375;0.01;0.0;0.0;0.0;0.0390625;0.2528125;0.1409375;0.243125;0.131875;0.1821875;0.24625;0.0884375;0.0809375;0.093125;0.1609375;0.0721875;0.11625;0.09875;0.033125;0.01;0.8659375;0.1234375;0.000625;0.0;0.0;0.0;0.0;0.0;0.0;0.01;0.01;0.0;0.0;0.0;0.0;0.1378125;0.186875;0.134375;0.305;0.2259375;0.01;0.0;0.0;0.0;0.0;0.13875;0.2221875;0.1459375;0.30125;0.181875;0.1278125;0.175625;0.1096875;0.0965625;0.1803125;0.171875;0.11125;0.016875;0.0;0.01;0.843125;0.146875;0.0;0.0;0.0;0.0;0.0;0.0;0.0;0.01;0.0409375;0.0;0.0;0.0;0.0;0.031875;0.278125;0.2059375;0.231875;0.21125;0.0409375;0.0;0.0;0.0;0.0;0.00125;0.33875;0.2284375;0.2221875;0.1684375;0.3009375;0.1740625;0.174375;0.1240625;0.1696875;0.0159375;0.0;0.0;0.0;0.0409375;0.7109375;0.248125;0.0;0.0;0.0;0.0;0.0;0.0;0.0;0.0409375;1
0.26452020202020204;0.34248737373737376;0.032196969696969696;0.04040404040404041;0.08617424242424243;0.06944444444444445;0.06912878787878787;0.03851010101010101;0.04861111111111111;0.008522727272727272;0.5318813131313131;0.12184343434343434;0.09974747474747475;0.0625;0.041666666666666664;0.05082070707070707;0.03314393939393939;0.03756313131313131;0.010416666666666666;0.010416666666666666;0.03156565656565657;0.5798611111111112;0.14267676767676768;0.05744949494949495;0.05587121212121212;0.04419191919191919;0.03125;0.03314393939393939;0.015151515151515152;0.008838383838383838;0.12436868686868686;0.2361111111111111;0.2004419191919192;0.04513888888888889;0.02556818181818182;0.04513888888888889;0.0726010101010101;0.14678030303030304;0.09753787878787878;0.006313131313131313;0.10164141414141414;0.09532828282828283;0.13415404040404041;0.11016414141414141;0.09564393939393939;0.11237373737373738;0.15309343434343434;0.10416666666666667;0.08017676767676768;0.013257575757575758;0.11805555555555555;0.0798611111111111;0.16887626262626262;0.14646464646464646;0.1284722222222222;0.12973484848484848;0.09880050505050506;0.05176767676767677;0.06186868686868687;0.016098484848484848;0.1259469696969697;0.09375;0.15498737373737373;0.17424242424242425;0.14835858585858586;0.11805555555555555;0.061237373737373736;0.06281565656565656;0.04861111111111111;0.011994949494949494;0.030934343434343436;0.12910353535353536;0.11805555555555555;0.07007575757575757;0.09564393939393939;0.15119949494949494;0.1597222222222222;0.15593434343434343;0.05776515151515151;0.03156565656565657;0.03125;0.0;0.0;0.0;0.0;0.0;0.16856060606060605;0.6180555555555556;0.10921717171717171;0.07291666666666667;0.03125;0.0;0.0;0.0;0.0;0.0;0.002840909090909091;0.7458964646464646;0.1452020202020202;0.07481060606060606;0.7124368686868687;0.18276515151515152;0.07323232323232323;0.0003156565656565657;0.0;0.0;0.0;0.0;0.0;0.03125;0.8150252525252525;0.1537247474747475;0.0;0.0;0.0;0.0;0.0;0.0;0.0;0.03125;0.010101010101010102;0.0;0.0;0.0;0.06818181818181818;0.19128787878787878;0.10795454545454546;0.29198232323232326;0.13320707070707072;0.19728535353535354;0.010101010101010102;0.0;0.0;0.0;0.03598484848484849;0.23768939393939395;0.14804292929292928;0.23958333333333334;0.1423611111111111;0.18623737373737373;0.22443181818181818;0.09690656565656566;0.08238636363636363;0.09059343434343434;0.16003787878787878;0.07607323232323232;0.1268939393939394;0.09974747474747475;0.03282828282828283;0.010101010101010102;0.8522727272727273;0.13667929292929293;0.000946969696969697;0.0;0.0;0.0;0.0;0.0;0.0;0.010101010101010102;0.010101010101010102;0.0;0.0;0.0;0.0;0.13005050505050506;0.17297979797979798;0.1527777777777778;0.2803030303030303;0.2537878787878788;0.010101010101010102;0.0;0.0;0.0;0.0;0.13825757575757575;0.21401515151515152;0.1452020202020202;0.30271464646464646;0.18970959595959597;0.13162878787878787;0.16761363636363635;0.10827020202020202;0.10416666666666667;0.1830808080808081;0.17392676767676768;0.10795454545454546;0.013257575757575758;0.0;0.010101010101010102;0.8434343434343434;0.14646464646464646;0.0;0.0;0.0;0.0;0.0;0.0;0.0;0.010101010101010102;0.041035353535353536;0.0;0.0;0.0;0.0;0.043244949494949496;0.27335858585858586;0.20801767676767677;0.24463383838383837;0.18970959595959597;0.041035353535353536;0.0;0.0;0.0;0.0;0.0006313131313131314;0.3491161616161616;0.23768939393939395;0.21875;0.1527777777777778;0.29450757575757575;0.18213383838383837;0.1736111111111111;0.12184343434343434;0.16982323232323232;0.017045454545454544;0.0;0.0;0.0;0.041035353535353536;0.29734848484848486;0.6603535353535354;0.0012626262626262627;0.0;0.0;0.0;0.0;0.0;0.0;0.041035353535353536;1
0.189375;0.4090625;0.04;0.0315625;0.0884375;0.059375;0.064375;0.0421875;0.049375;0.02625;0.5725;0.1;0.0875;0.0609375;0.0396875;0.046875;0.0340625;0.0340625;0.0125;0.011875;0.0765625;0.564375;0.12125;0.0571875;0.044375;0.0465625;0.02875;0.033125;0.015625;0.0121875;0.0265625;0.1628125;0.2996875;0.1215625;0.02;0.0384375;0.1203125;0.1496875;0.054375;0.0065625;0.084375;0.074375;0.13;0.1071875;0.1209375;0.10875;0.15125;0.1203125;0.0834375;0.019375;0.118125;0.0903125;0.17125;0.146875;0.1203125;0.130625;0.0971875;0.0584375;0.0553125;0.0115625;0.1278125;0.091875;0.1690625;0.1596875;0.125625;0.15125;0.0515625;0.06;0.0496875;0.0134375;0.00125;0.03875;0.0875;0.0896875;0.1015625;0.1509375;0.17375;0.21875;0.09625;0.0415625;0.03125;0.0;0.0;0.0;0.0;0.0;0.1790625;0.6065625;0.1096875;0.0734375;0.03125;0.0;0.0;0.0;0.0;0.0;0.0046875;0.7434375;0.14;0.080625;0.7240625;0.1621875;0.0821875;0.0003125;0.0;0.0;0.0;0.0;0.0;0.03125;0.8275;0.14125;0.0;0.0;0.0;0.0;0.0;0.0;0.0;0.03125;0.01;0.0;0.0;0.0;0.0725;0.19375;0.111875;0.2821875;0.148125;0.1815625;0.01;0.0;0.0;0.0;0.0371875;0.238125;0.1490625;0.2328125;0.1446875;0.188125;0.2290625;0.0971875;0.0790625;0.0884375;0.1571875;0.0771875;0.1265625;0.1021875;0.033125;0.01;0.8665625;0.12;0.0034375;0.0;0.0;0.0;0.0;0.0;0.0;0.01;0.01;0.0;0.0;0.0;0.0;0.1446875;0.1753125;0.139375;0.2996875;0.2309375;0.01;0.0;0.0;0.0;0.0;0.145625;0.211875;0.15;0.298125;0.184375;0.119375;0.1690625;0.1109375;0.1146875;0.1715625;0.17375;0.115;0.015625;0.0;0.01;0.859375;0.130625;0.0;0.0;0.0;0.0;0.0;0.0;0.0;0.01;0.0409375;0.0;0.0;0.0;0.0;0.043125;0.275;0.2090625;0.23375;0.198125;0.0409375;0.0;0.0;0.0;0.0;0.00125;0.3478125;0.2228125;0.226875;0.1603125;0.2959375;0.1775;0.171875;0.1184375;0.1746875;0.020625;0.0;0.0;0.0;0.0409375;0.274375;0.6834375;0.00125;0.0;0.0;0.0;0.0;0.0;0.0;0.0409375;1
0.44875;0.1540625;0.0271875;0.0675;0.0765625;0.0653125;0.0621875;0.043125;0.038125;0.0171875;0.5740625;0.09625;0.0971875;0.0571875;0.04625;0.04;0.028125;0.0365625;0.0134375;0.0109375;0.5228125;0.1678125;0.0996875;0.0471875;0.0503125;0.02875;0.0309375;0.0296875;0.0125;0.0103125;0.00875;0.165;0.265;0.13875;0.025625;0.0290625;0.0959375;0.1434375;0.115625;0.0128125;0.1165625;0.1028125;0.1153125;0.1090625;0.095;0.103125;0.155625;0.105;0.08;0.0175;0.1590625;0.109375;0.1503125;0.13375;0.1290625;0.130625;0.073125;0.061875;0.039375;0.0134375;0.1403125;0.1025;0.161875;0.1665625;0.134375;0.12;0.0621875;0.0609375;0.039375;0.011875;0.0321875;0.1084375;0.0946875;0.0978125;0.0809375;0.105625;0.1871875;0.1703125;0.0940625;0.02875;0.03125;0.0;0.0;0.0;0.0;0.0;0.1628125;0.5884375;0.1234375;0.0940625;0.03125;0.0;0.0;0.0;0.0;0.0;0.0028125;0.725625;0.1378125;0.1025;0.695625;0.170625;0.101875;0.000625;0.0;0.0;0.0;0.0;0.0;0.03125;0.878125;0.090625;0.0;0.0;0.0;0.0;0.0;0.0;0.0;0.03125;0.01;0.0;0.0;0.0;0.0753125;0.213125;0.1115625;0.2878125;0.13625;0.1659375;0.01;0.0;0.0;0.0;0.0546875;0.243125;0.1415625;0.2409375;0.134375;0.1753125;0.251875;0.0909375;0.0775;0.0909375;0.164375;0.0734375;0.1153125;0.0953125;0.0303125;0.01;0.869375;0.1196875;0.0009375;0.0;0.0;0.0;0.0;0.0;0.0;0.01;0.01;0.0;0.0;0.0;0.0;0.1409375;0.191875;0.13125;0.2940625;0.231875;0.01;0.0;0.0;0.0;0.0;0.1575;0.228125;0.13625;0.2978125;0.1703125;0.12125;0.1828125;0.1075;0.099375;0.174375;0.1703125;0.116875;0.0175;0.0;0.01;0.856875;0.133125;0.0;0.0;0.0;0.0;0.0;0.0;0.0;0.01;0.0409375;0.0;0.0;0.0;0.0;0.029375;0.2853125;0.2096875;0.2328125;0.201875;0.0409375;0.0;0.0;0.0;0.0;0.0034375;0.3375;0.2215625;0.226875;0.1696875;0.3015625;0.1715625;0.1796875;0.1228125;0.1621875;0.02125;0.0;0.0;0.0;0.0409375;0.7053125;0.25375;0.0;0.0;0.0;0.0;0.0;0.0;0.0;0.0409375;1
0.29955808080808083;0.3055555555555556;0.024305555555555556;0.05744949494949495;0.08270202020202021;0.06470959595959595;0.06786616161616162;0.038825757575757576;0.04008838383838384;0.01893939393939394;0.36710858585858586;0.2692550505050505;0.11395202020202021;0.07354797979797979;0.04261363636363636;0.039141414141414144;0.03156565656565657;0.034406565656565656;0.017992424242424244;0.010416666666666666;0.25441919191919193;0.39362373737373735;0.13226010101010102;0.05397727272727273;0.04892676767676768;0.03314393939393939;0.028093434343434344;0.02904040404040404;0.01672979797979798;0.009785353535353536;0.01893939393939394;0.17929292929292928;0.2676767676767677;0.1111111111111111;0.03377525252525253;0.03125;0.08522727272727272;0.14835858585858586;0.11205808080808081;0.01231060606060606;0.11237373737373738;0.11332070707070707;0.11931818181818182;0.1148989898989899;0.09217171717171717;0.09564393939393939;0.15593434343434343;0.10037878787878787;0.07859848484848485;0.017361111111111112;0.16003787878787878;0.1148989898989899;0.14993686868686867;0.1388888888888889;0.12720959595959597;0.1294191919191919;0.06628787878787878;0.06029040404040404;0.04008838383838384;0.012941919191919192;0.14362373737373738;0.10448232323232323;0.16540404040404041;0.17392676767676768;0.12910353535353536;0.1167929292929293;0.056818181818181816;0.05997474747474747;0.038825757575757576;0.011047979797979798;0.03125;0.11142676767676768;0.09185606060606061;0.10984848484848485;0.08270202020202021;0.09785353535353536;0.18150252525252525;0.17771464646464646;0.09122474747474747;0.02462121212121212;0.03125;0.0;0.0;0.0;0.0;0.0;0.12563131313131312;0.6070075757575758;0.12973484848484848;0.10637626262626262;0.03125;0.0;0.0;0.0;0.0;0.0;0.0;0.7001262626262627;0.1581439393939394;0.11047979797979798;0.7067550505050505;0.16224747474747475;0.09974747474747475;0.0;0.0;0.0;0.0;0.0;0.0;0.03125;0.8781565656565656;0.09059343434343434;0.0;0.0;0.0;0.0;0.0;0.0;0.0;0.03125;0.010101010101010102;0.0;0.0;0.0;0.0716540404040404;0.2159090909090909;0.11268939393939394;0.2869318181818182;0.12468434343434344;0.17803030303030304;0.010101010101010102;0.0;0.0;0.0;0.023674242424242424;0.26957070707070707;0.13920454545454544;0.24684343434343434;0.13131313131313133;0.17929292929292928;0.24684343434343434;0.09217171717171717;0.08080808080808081;0.08901515151515152;0.17045454545454544;0.07449494949494949;0.11205808080808081;0.09785353535353536;0.026199494949494948;0.010101010101010102;0.8680555555555556;0.12152777777777778;0.0003156565656565657;0.0;0.0;0.0;0.0;0.0;0.0;0.010101010101010102;0.010101010101010102;0.0;0.0;0.0;0.0;0.1423611111111111;0.18907828282828282;0.12563131313131312;0.2932449494949495;0.23958333333333334;0.010101010101010102;0.0;0.0;0.0;0.0;0.1461489898989899;0.22001262626262627;0.1360479797979798;0.27998737373737376;0.2077020202020202;0.1433080808080808;0.17234848484848486;0.10132575757575757;0.09627525252525253;0.1663510101010101;0.17866161616161616;0.11363636363636363;0.017992424242424244;0.0;0.010101010101010102;0.8869949494949495;0.1029040404040404;0.0;0.0;0.0;0.0;0.0;0.0;0.0;0.010101010101010102;0.041035353535353536;0.0;0.0;0.0;0.0;0.04008838383838384;0.27051767676767674;0.2029671717171717;0.23926767676767677;0.20612373737373738;0.041035353535353536;0.0;0.0;0.0;0.0;0.002840909090909091;0.3327020202020202;0.2212752525252525;0.23042929292929293;0.1717171717171717;0.2989267676767677;0.16698232323232323;0.18623737373737373;0.12215909090909091;0.16382575757575757;0.020833333333333332;0.0;0.0;0.0;0.041035353535353536;0.29577020202020204;0.6619318181818182;0.0012626262626262627;0.0;0.0;0.0;0.0;0.0;0.0;0.041035353535353536;1
0.3005050505050505;0.3023989898989899;0.02556818181818182;0.059027777777777776;0.0798611111111111;0.06565656565656566;0.06849747474747475;0.03819444444444445;0.039457070707070704;0.020833333333333332;0.36363636363636365;0.26862373737373735;0.11710858585858586;0.07449494949494949;0.04703282828282828;0.04008838383838384;0.028724747474747476;0.03566919191919192;0.014835858585858586;0.009785353535353536;0.2297979797979798;0.42676767676767674;0.12436868686868686;0.05366161616161616;0.04892676767676768;0.032512626262626264;0.027777777777777776;0.029987373737373736;0.016414141414141416;0.009785353535353536;0.012626262626262626;0.16161616161616163;0.29419191919191917;0.10353535353535354;0.034406565656565656;0.03409090909090909;0.0845959595959596;0.13667929292929293;0.12152777777777778;0.01672979797979798;0.12058080808080808;0.10732323232323232;0.11521464646464646;0.10511363636363637;0.09248737373737374;0.10258838383838384;0.15593434343434343;0.08933080808080808;0.09248737373737374;0.01893939393939394;0.17140151515151514;0.10858585858585859;0.14741161616161616;0.13667929292929293;0.13573232323232323;0.12878787878787878;0.06313131313131314;0.059027777777777776;0.03598484848484849;0.013257575757575758;0.14172979797979798;0.1076388888888889;0.1597222222222222;0.1720328282828283;0.1388888888888889;0.1148989898989899;0.054924242424242424;0.06029040404040404;0.03851010101010101;0.011363636363636364;0.029987373737373736;0.11521464646464646;0.10795454545454546;0.09090909090909091;0.08143939393939394;0.10921717171717171;0.21085858585858586;0.16856060606060605;0.06597222222222222;0.019886363636363636;0.03125;0.0;0.0;0.0;0.0;0.0;0.16571969696969696;0.5849116161616161;0.12563131313131312;0.09248737373737374;0.03125;0.0;0.0;0.0;0.0;0.0;0.0;0.6445707070707071;0.2029671717171717;0.12121212121212122;0.6701388888888888;0.19065656565656566;0.10795454545454546;0.0;0.0;0.0;0.0;0.0;0.0;0.03125;0.8737373737373737;0.09501262626262626;0.0;0.0;0.0;0.0;0.0;0.0;0.0;0.03125;0.010101010101010102;0.0;0.0;0.0;0.08207070707070707;0.21275252525252525;0.10827020202020202;0.2935606060606061;0.12342171717171717;0.16982323232323232;0.010101010101010102;0.0;0.0;0.0;0.05366161616161616;0.25;0.14362373737373738;0.24684343434343434;0.13320707070707072;0.16256313131313133;0.25757575757575757;0.09248737373737374;0.07922979797979798;0.09532828282828283;0.16382575757575757;0.07291666666666667;0.11300505050505051;0.09659090909090909;0.01893939393939394;0.010101010101010102;0.8617424242424242;0.1278409090909091;0.0003156565656565657;0.0;0.0;0.0;0.0;0.0;0.0;0.010101010101010102;0.010101010101010102;0.0;0.0;0.0;0.0;0.1360479797979798;0.1976010101010101;0.1294191919191919;0.28377525252525254;0.24305555555555555;0.010101010101010102;0.0;0.0;0.0;0.0;0.14898989898989898;0.22758838383838384;0.13825757575757575;0.2803030303030303;0.19476010101010102;0.15688131313131312;0.17708333333333334;0.09311868686868686;0.1029040404040404;0.15940656565656566;0.18181818181818182;0.10858585858585859;0.010101010101010102;0.0;0.010101010101010102;0.8008207070707071;0.18907828282828282;0.0;0.0;0.0;0.0;0.0;0.0;0.0;0.010101010101010102;0.041035353535353536;0.0;0.0;0.0;0.0;0.032512626262626264;0.27904040404040403;0.18813131313131312;0.23547979797979798;0.22380050505050506;0.041035353535353536;0.0;0.0;0.0;0.0;0.002840909090909091;0.32765151515151514;0.21306818181818182;0.2288510101010101;0.1865530303030303;0.2866161616161616;0.17518939393939395;0.18781565656565657;0.10984848484848485;0.18181818181818182;0.017676767676767676;0.0;0.0;0.0;0.041035353535353536;0.3058712121212121;0.6518308080808081;0.0012626262626262627;0.0;0.0;0.0;0.0;0.0;0.0;0.041035353535353536;1
0.3235479797979798;0.27178030303030304;0.03188131313131313;0.05366161616161616;0.09532828282828283;0.06029040404040404;0.06786616161616162;0.03314393939393939;0.04040404040404041;0.022095959595959596;0.4845328282828283;0.1682449494949495;0.12058080808080808;0.06470959595959595;0.04703282828282828;0.036616161616161616;0.02335858585858586;0.034722222222222224;0.01452020202020202;0.005681818181818182;0.444760101010101;0.23579545454545456;0.12468434343434344;0.04924242424242424;0.043244949494949496;0.029671717171717172;0.02683080808080808;0.02683080808080808;0.013888888888888888;0.005050505050505051;0.021464646464646464;0.19981060606060605;0.25441919191919193;0.08396464646464646;0.04198232323232323;0.03377525252525253;0.0855429292929293;0.13667929292929293;0.12184343434343434;0.020517676767676768;0.14835858585858586;0.11616161616161616;0.11363636363636363;0.10037878787878787;0.10006313131313131;0.09816919191919192;0.1534090909090909;0.07765151515151515;0.07828282828282829;0.013888888888888888;0.1710858585858586;0.1275252525252525;0.15025252525252525;0.14930555555555555;0.1351010101010101;0.13226010101010102;0.04734848484848485;0.05997474747474747;0.023042929292929292;0.004103535353535354;0.15214646464646464;0.12563131313131312;0.18876262626262627;0.16950757575757575;0.1275252525252525;0.10700757575757576;0.043244949494949496;0.06597222222222222;0.017992424242424244;0.0022095959595959595;0.045770202020202023;0.1284722222222222;0.11805555555555555;0.08996212121212122;0.08522727272727272;0.09816919191919192;0.20801767676767677;0.13131313131313133;0.07733585858585859;0.017676767676767676;0.03125;0.0;0.0;0.0;0.0;0.0;0.22537878787878787;0.5053661616161617;0.14835858585858586;0.08964646464646464;0.03125;0.0;0.0;0.0;0.0;0.0;0.0006313131313131314;0.6909722222222222;0.1606691919191919;0.11647727272727272;0.6666666666666666;0.1840277777777778;0.11742424242424243;0.0006313131313131314;0.0;0.0;0.0;0.0;0.0;0.03125;0.8633207070707071;0.10542929292929293;0.0;0.0;0.0;0.0;0.0;0.0;0.0;0.03125;0.010101010101010102;0.0;0.0;0.0;0.07859848484848485;0.22569444444444445;0.10921717171717171;0.2935606060606061;0.1158459595959596;0.16698232323232323;0.010101010101010102;0.0;0.0;0.0;0.03977272727272727;0.27809343434343436;0.13667929292929293;0.2556818181818182;0.12184343434343434;0.15782828282828282;0.2654671717171717;0.09722222222222222;0.0726010101010101;0.10479797979797979;0.16540404040404041;0.06628787878787878;0.10732323232323232;0.08964646464646464;0.0211489898989899;0.010101010101010102;0.8705808080808081;0.11868686868686869;0.0006313131313131314;0.0;0.0;0.0;0.0;0.0;0.0;0.010101010101010102;0.010101010101010102;0.0;0.0;0.0;0.0;0.15151515151515152;0.19065656565656566;0.1240530303030303;0.276199494949495;0.2474747474747475;0.010101010101010102;0.0;0.0;0.0;0.0;0.1553030303030303;0.2231691919191919;0.12563131313131312;0.273989898989899;0.21180555555555555;0.16477272727272727;0.17960858585858586;0.08080808080808081;0.09816919191919192;0.14804292929292928;0.18371212121212122;0.12184343434343434;0.012941919191919192;0.0;0.010101010101010102;0.6357323232323232;0.3456439393939394;0.008522727272727272;0.0;0.0;0.0;0.0;0.0;0.0;0.010101010101010102;0.041035353535353536;0.0;0.0;0.0;0.0;0.05303030303030303;0.24305555555555555;0.19160353535353536;0.2582070707070707;0.21306818181818182;0.041035353535353536;0.0;0.0;0.0;0.0;0.002840909090909091;0.3159722222222222;0.22190656565656566;0.2342171717171717;0.1840277777777778;0.28345959595959597;0.16319444444444445;0.19665404040404041;0.11647727272727272;0.17487373737373738;0.024305555555555556;0.0;0.0;0.0;0.041035353535353536;0.6701388888888888;0.28882575757575757;0.0;0.0;0.0;0.0;0.0;0.0;0.0;0.041035353535353536;1
0.3337628865979381;0.2496778350515464;0.043170103092783504;0.06314432989690721;0.08086340206185567;0.0856958762886598;0.06024484536082474;0.038337628865979384;0.036404639175257734;0.008698453608247423;0.5686211340206185;0.08376288659793814;0.13079896907216496;0.05509020618556701;0.05283505154639175;0.03125;0.028672680412371133;0.033827319587628864;0.011597938144329897;0.0035438144329896907;0.3753221649484536;0.26739690721649484;0.14561855670103094;0.0586340206185567;0.05025773195876289;0.02802835051546392;0.028350515463917526;0.02545103092783505;0.015786082474226804;0.005154639175257732;0.03350515463917526;0.23131443298969073;0.12661082474226804;0.19813144329896906;0.024806701030927834;0.05766752577319588;0.1056701030927835;0.11050257731958762;0.1014819587628866;0.010309278350515464;0.09826030927835051;0.14916237113402062;0.13434278350515463;0.10277061855670103;0.10438144329896908;0.16720360824742267;0.11984536082474227;0.09375;0.02577319587628866;0.004510309278350515;0.19748711340206185;0.1485180412371134;0.13981958762886598;0.13144329896907217;0.148840206185567;0.11501288659793814;0.04252577319587629;0.05702319587628866;0.015463917525773196;0.003865979381443299;0.21488402061855671;0.13692010309278352;0.18298969072164947;0.17622422680412372;0.125;0.056378865979381444;0.06282216494845361;0.03286082474226804;0.008698453608247423;0.0032216494845360823;0.00902061855670103;0.06958762886597938;0.10985824742268041;0.16720360824742267;0.09213917525773196;0.14626288659793815;0.22583762886597938;0.11372422680412371;0.0586340206185567;0.007731958762886598;0.03125;0.0;0.0;0.0;0.0;0.0;0.22390463917525774;0.48292525773195877;0.15882731958762886;0.10309278350515463;0.03125;0.0;0.0;0.0;0.0;0.0;0.06894329896907217;0.6259664948453608;0.16076030927835053;0.1130798969072165;0.5354381443298969;0.2699742268041237;0.15528350515463918;0.008054123711340205;0.0;0.0;0.0;0.0;0.0;0.03125;0.8466494845360825;0.12210051546391752;0.0;0.0;0.0;0.0;0.0;0.0;0.0;0.03125;0.010309278350515464;0.0;0.0;0.0;0.0782860824742268;0.25193298969072164;0.11662371134020619;0.2934922680412371;0.10599226804123711;0.14336340206185566;0.010309278350515464;0.0;0.0;0.0;0.03414948453608247;0.3121778350515464;0.1327319587628866;0.2606314432989691;0.11533505154639176;0.13466494845360824;0.28253865979381443;0.10083762886597938;0.0740979381443299;0.10405927835051547;0.17364690721649484;0.06701030927835051;0.1053479381443299;0.06926546391752578;0.01288659793814433;0.010309278350515464;0.8505154639175257;0.13788659793814434;0.001288659793814433;0.0;0.0;0.0;0.0;0.0;0.0;0.010309278350515464;0.010309278350515464;0.0;0.0;0.0;0.0;0.1411082474226804;0.20425257731958762;0.14207474226804123;0.2690077319587629;0.23324742268041238;0.010309278350515464;0.0;0.0;0.0;0.0;0.17010309278350516;0.22970360824742267;0.13047680412371135;0.264819587628866;0.19458762886597938;0.14368556701030927;0.20393041237113402;0.09600515463917526;0.0979381443298969;0.14432989690721648;0.18878865979381443;0.10341494845360824;0.011597938144329897;0.0;0.010309278350515464;0.7889819587628866;0.19813144329896906;0.002577319587628866;0.0;0.0;0.0;0.0;0.0;0.0;0.010309278350515464;0.041237113402061855;0.0;0.0;0.0;0.0;0.0032216494845360823;0.2864046391752577;0.19007731958762886;0.28865979381443296;0.19039948453608246;0.041237113402061855;0.0;0.0;0.0;0.0;0.001288659793814433;0.3015463917525773;0.23002577319587628;0.2509664948453608;0.17493556701030927;0.25902061855670105;0.18170103092783504;0.19845360824742267;0.12306701030927836;0.18170103092783504;0.014819587628865979;0.0;0.0;0.0;0.041237113402061855;0.757409793814433;0.20135309278350516;0.0;0.0;0.0;0.0;0.0;0.0;0.0;0.041237113402061855;1
0.25669642857142855;0.3383290816326531;0.032525510204081634;0.07397959183673469;0.08386479591836735;0.07206632653061225;0.06154336734693878;0.03762755102040816;0.036033163265306124;0.007334183673469388;0.5644132653061225;0.09502551020408163;0.11989795918367346;0.05293367346938776;0.05133928571428571;0.03411989795918367;0.028380102040816327;0.03826530612244898;0.010522959183673469;0.00510204081632653;0.40114795918367346;0.24872448979591838;0.13456632653061223;0.05612244897959184;0.052614795918367346;0.02965561224489796;0.027104591836734693;0.02614795918367347;0.01881377551020408;0.00510204081632653;0.04017857142857143;0.11989795918367346;0.25892857142857145;0.15943877551020408;0.02646683673469388;0.03730867346938776;0.07238520408163265;0.14668367346938777;0.12372448979591837;0.014987244897959183;0.08705357142857142;0.14732142857142858;0.13137755102040816;0.11479591836734694;0.10809948979591837;0.16613520408163265;0.12818877551020408;0.09534438775510204;0.017857142857142856;0.003826530612244898;0.18144132653061223;0.14732142857142858;0.14572704081632654;0.13903061224489796;0.1278698979591837;0.13105867346938777;0.049107142857142856;0.05835459183673469;0.017857142857142856;0.002232142857142857;0.1996173469387755;0.15082908163265307;0.17378826530612246;0.15529336734693877;0.1278698979591837;0.07461734693877552;0.05038265306122449;0.05133928571428571;0.01403061224489796;0.002232142857142857;0.016581632653061226;0.08099489795918367;0.09693877551020408;0.1591198979591837;0.078125;0.13360969387755103;0.23118622448979592;0.14891581632653061;0.048150510204081634;0.006377551020408163;0.03125;0.0;0.0;0.0;0.0;0.0;0.16454081632653061;0.5612244897959183;0.13871173469387754;0.10427295918367346;0.03125;0.0;0.0;0.0;0.0;0.0;0.08418367346938775;0.6310586734693877;0.1434948979591837;0.11001275510204081;0.5618622448979592;0.26052295918367346;0.1412627551020408;0.00510204081632653;0.0;0.0;0.0;0.0;0.0;0.03125;0.7063137755102041;0.2624362244897959;0.0;0.0;0.0;0.0;0.0;0.0;0.0;0.03125;0.01020408163265306;0.0;0.0;0.0;0.08003826530612244;0.23309948979591838;0.11957908163265306;0.28730867346938777;0.11352040816326531;0.15625;0.01020408163265306;0.0;0.0;0.0;0.03475765306122449;0.2955994897959184;0.13360969387755103;0.2541454081632653;0.12531887755102042;0.14636479591836735;0.27072704081632654;0.10076530612244898;0.07334183673469388;0.09821428571428571;0.17091836734693877;0.07174744897959184;0.11256377551020408;0.07621173469387756;0.015306122448979591;0.01020408163265306;0.8459821428571429;0.14381377551020408;0.0;0.0;0.0;0.0;0.0;0.0;0.0;0.01020408163265306;0.01020408163265306;0.0;0.0;0.0;0.0;0.14508928571428573;0.1951530612244898;0.13934948979591838;0.27646683673469385;0.2337372448979592;0.01020408163265306;0.0;0.0;0.0;0.0;0.16549744897959184;0.22895408163265307;0.13584183673469388;0.2669005102040816;0.19260204081632654;0.1568877551020408;0.19674744897959184;0.08801020408163265;0.09948979591836735;0.15082908163265307;0.18909438775510204;0.09885204081632654;0.009885204081632654;0.0;0.01020408163265306;0.8013392857142857;0.1846301020408163;0.003826530612244898;0.0;0.0;0.0;0.0;0.0;0.0;0.01020408163265306;0.041135204081632654;0.0;0.0;0.0;0.0;0.012755102040816327;0.28635204081632654;0.18622448979591838;0.2895408163265306;0.1839923469387755;0.041135204081632654;0.0;0.0;0.0;0.0;0.0;0.3153698979591837;0.23214285714285715;0.23756377551020408;0.17378826530612246;0.27040816326530615;0.18176020408163265;0.19642857142857142;0.11543367346938775;0.1798469387755102;0.014987244897959183;0.0;0.0;0.0;0.041135204081632654;0.30899234693877553;0.6492346938775511;0.0006377551020408163;0.0;0.0;0.0;0.0;0.0;0.0;0.041135204081632654;1
0.24779040404040403;0.336489898989899;0.035037878787878785;0.07291666666666667;0.08775252525252525;0.07291666666666667;0.05965909090909091;0.041351010101010104;0.036931818181818184;0.009154040404040404;0.5738636363636364;0.10448232323232323;0.10637626262626262;0.04703282828282828;0.052398989898989896;0.03314393939393939;0.025883838383838384;0.03566919191919192;0.014835858585858586;0.006313131313131313;0.5265151515151515;0.13194444444444445;0.1294191919191919;0.05523989898989899;0.05176767676767677;0.027462121212121212;0.030303030303030304;0.029356060606060608;0.011994949494949494;0.005997474747474747;0.025883838383838384;0.18434343434343434;0.14267676767676768;0.19349747474747475;0.041666666666666664;0.04198232323232323;0.07354797979797979;0.13131313131313133;0.13825757575757575;0.02683080808080808;0.13194444444444445;0.14930555555555555;0.1111111111111111;0.10448232323232323;0.11237373737373738;0.15309343434343434;0.1240530303030303;0.09059343434343434;0.018623737373737372;0.004419191919191919;0.1726641414141414;0.14362373737373738;0.14709595959595959;0.1433080808080808;0.13257575757575757;0.13257575757575757;0.0514520202020202;0.05618686868686869;0.017992424242424244;0.0025252525252525255;0.18686868686868688;0.14835858585858586;0.17424242424242425;0.15309343434343434;0.13478535353535354;0.0836489898989899;0.0514520202020202;0.050189393939393936;0.01452020202020202;0.002840909090909091;0.007575757575757576;0.05113636363636364;0.08838383838383838;0.1726641414141414;0.10132575757575757;0.11079545454545454;0.18781565656565657;0.1726641414141414;0.08207070707070707;0.02556818181818182;0.03125;0.0;0.0;0.0;0.0;0.0;0.16319444444444445;0.5520833333333334;0.13920454545454544;0.11426767676767677;0.03125;0.0;0.0;0.0;0.0;0.0;0.00946969696969697;0.6650883838383839;0.16603535353535354;0.12815656565656566;0.5501893939393939;0.2654671717171717;0.14962121212121213;0.003472222222222222;0.0;0.0;0.0;0.0;0.0;0.03125;0.7780934343434344;0.19065656565656566;0.0;0.0;0.0;0.0;0.0;0.0;0.0;0.03125;0.010101010101010102;0.0;0.0;0.0;0.06755050505050506;0.24273989898989898;0.11458333333333333;0.29071969696969696;0.11237373737373738;0.16193181818181818;0.010101010101010102;0.0;0.0;0.0;0.03756313131313131;0.28914141414141414;0.13099747474747475;0.2553661616161616;0.12531565656565657;0.15151515151515152;0.26957070707070707;0.09911616161616162;0.07323232323232323;0.09311868686868686;0.1755050505050505;0.07102272727272728;0.1111111111111111;0.07954545454545454;0.017676767676767676;0.010101010101010102;0.8434343434343434;0.14646464646464646;0.0;0.0;0.0;0.0;0.0;0.0;0.0;0.010101010101010102;0.010101010101010102;0.0;0.0;0.0;0.0;0.1518308080808081;0.1903409090909091;0.14172979797979798;0.27683080808080807;0.22916666666666666;0.010101010101010102;0.0;0.0;0.0;0.0;0.16698232323232323;0.22380050505050506;0.13036616161616163;0.2676767676767677;0.20107323232323232;0.15656565656565657;0.19412878787878787;0.08585858585858586;0.10353535353535354;0.14488636363636365;0.18907828282828282;0.10448232323232323;0.011363636363636364;0.0;0.010101010101010102;0.8109217171717171;0.17392676767676768;0.005050505050505051;0.0;0.0;0.0;0.0;0.0;0.0;0.010101010101010102;0.041035353535353536;0.0;0.0;0.0;0.0;0.036931818181818184;0.26515151515151514;0.1846590909090909;0.2989267676767677;0.17329545454545456;0.041035353535353536;0.0;0.0;0.0;0.0;0.0;0.3216540404040404;0.24053030303030304;0.23737373737373738;0.15940656565656566;0.2676767676767677;0.17897727272727273;0.19255050505050506;0.11742424242424243;0.18213383838383837;0.020202020202020204;0.0;0.0;0.0;0.041035353535353536;0.27714646464646464;0.6811868686868687;0.0006313131313131314;0.0;0.0;0.0;0.0;0.0;0.0;0.041035353535353536;1
0.2578125;0.3465625;0.0315625;0.045;0.089375;0.0709375;0.0665625;0.043125;0.035625;0.0134375;0.575625;0.1128125;0.090625;0.0434375;0.0509375;0.0396875;0.028125;0.0340625;0.0153125;0.009375;0.5321875;0.139375;0.10875;0.05125;0.0528125;0.0321875;0.0328125;0.0296875;0.011875;0.0090625;0.065;0.1321875;0.231875;0.1834375;0.0134375;0.0290625;0.078125;0.1578125;0.0934375;0.015625;0.084375;0.1365625;0.109375;0.095625;0.1040625;0.1096875;0.136875;0.125;0.0790625;0.019375;0.140625;0.1134375;0.1525;0.1309375;0.131875;0.1434375;0.07375;0.0475;0.0528125;0.013125;0.133125;0.1175;0.151875;0.16625;0.1215625;0.1125;0.086875;0.0471875;0.0478125;0.0153125;0.005;0.0575;0.04375;0.175;0.0940625;0.1065625;0.1453125;0.215;0.1059375;0.051875;0.03125;0.0;0.0;0.0;0.0;0.0;0.15375;0.596875;0.1190625;0.0990625;0.03125;0.0;0.0;0.0;0.0;0.0;0.0059375;0.6846875;0.1696875;0.1084375;0.581875;0.26625;0.119375;0.00125;0.0;0.0;0.0;0.0;0.0;0.03125;0.8421875;0.1265625;0.0;0.0;0.0;0.0;0.0;0.0;0.0;0.03125;0.01;0.0;0.0;0.0;0.05875;0.20875;0.11125;0.2975;0.125625;0.188125;0.01;0.0;0.0;0.0;0.02875;0.2575;0.143125;0.240625;0.140625;0.179375;0.2340625;0.0978125;0.0809375;0.086875;0.16875;0.078125;0.124375;0.0959375;0.023125;0.01;0.829375;0.1603125;0.0003125;0.0;0.0;0.0;0.0;0.0;0.0;0.01;0.01;0.0;0.0;0.0;0.0;0.1659375;0.1634375;0.141875;0.299375;0.219375;0.01;0.0;0.0;0.0;0.0;0.1675;0.2075;0.15;0.28125;0.18375;0.1371875;0.1825;0.0921875;0.1240625;0.1509375;0.18875;0.105625;0.00875;0.0;0.01;0.615;0.358125;0.016875;0.0;0.0;0.0;0.0;0.0;0.0;0.01;0.0409375;0.0;0.0;0.0;0.0;0.0334375;0.279375;0.1934375;0.2815625;0.17125;0.0409375;0.0;0.0;0.0;0.0;0.0;0.3365625;0.2440625;0.2171875;0.16125;0.2659375;0.195625;0.1778125;0.1171875;0.1753125;0.0271875;0.0;0.0;0.0;0.0409375;0.3065625;0.651875;0.000625;0.0;0.0;0.0;0.0;0.0;0.0;0.0409375;1
0.1571875;0.44375;0.0346875;0.0346875;0.090625;0.0759375;0.0628125;0.0484375;0.0371875;0.0146875;0.5753125;0.115;0.0840625;0.0465625;0.05;0.0409375;0.0265625;0.034375;0.0165625;0.010625;0.57;0.1103125;0.1053125;0.055625;0.04125;0.03;0.0321875;0.0325;0.0125;0.0103125;0.046875;0.1425;0.2196875;0.2028125;0.02;0.0240625;0.1015625;0.1596875;0.07;0.0128125;0.11875;0.12625;0.100625;0.099375;0.1075;0.1125;0.1490625;0.10375;0.0671875;0.015;0.139375;0.1140625;0.1478125;0.1325;0.1321875;0.16125;0.0640625;0.0465625;0.049375;0.0128125;0.154375;0.1315625;0.1434375;0.1559375;0.13375;0.1034375;0.071875;0.0475;0.045625;0.0125;0.00125;0.05375;0.0459375;0.176875;0.08875;0.1028125;0.150625;0.2196875;0.11;0.0503125;0.03125;0.0;0.0;0.0;0.0;0.0;0.1521875;0.5990625;0.119375;0.098125;0.03125;0.0;0.0;0.0;0.0;0.0;0.0059375;0.685625;0.1690625;0.108125;0.5815625;0.266875;0.1190625;0.00125;0.0;0.0;0.0;0.0;0.0;0.03125;0.8409375;0.1278125;0.0;0.0;0.0;0.0;0.0;0.0;0.0;0.03125;0.01;0.0;0.0;0.0;0.0559375;0.2096875;0.114375;0.2965625;0.125625;0.1878125;0.01;0.0;0.0;0.0;0.025;0.2615625;0.14375;0.2409375;0.1403125;0.1784375;0.23125;0.1028125;0.0796875;0.08625;0.16875;0.0771875;0.126875;0.094375;0.0228125;0.01;0.828125;0.1615625;0.0003125;0.0;0.0;0.0;0.0;0.0;0.0;0.01;0.01;0.0;0.0;0.0;0.0;0.1690625;0.1659375;0.1496875;0.304375;0.2009375;0.01;0.0;0.0;0.0;0.0;0.165;0.2078125;0.1546875;0.280625;0.181875;0.1671875;0.16625;0.0846875;0.1265625;0.1403125;0.1953125;0.103125;0.0065625;0.0;0.01;0.595;0.378125;0.016875;0.0;0.0;0.0;0.0;0.0;0.0;0.01;0.0409375;0.0;0.0;0.0;0.0;0.0365625;0.2728125;0.194375;0.2840625;0.17125;0.0409375;0.0;0.0;0.0;0.0;0.0;0.3375;0.2465625;0.21375;0.16125;0.2659375;0.1959375;0.1771875;0.1175;0.175;0.0275;0.0;0.0;0.0;0.0409375;0.304375;0.6540625;0.000625;0.0;0.0;0.0;0.0;0.0;0.0;0.0409375;1
0.35396039603960394;0.2595915841584158;0.024443069306930694;0.026608910891089108;0.08353960396039604;0.07673267326732673;0.0625;0.037747524752475246;0.0525990099009901;0.022277227722772276;0.5720915841584159;0.09900990099009901;0.08261138613861387;0.04548267326732673;0.05198019801980198;0.04362623762376237;0.026608910891089108;0.038366336633663366;0.02599009900990099;0.014232673267326733;0.5702351485148515;0.09962871287128713;0.09467821782178218;0.05167079207920792;0.04795792079207921;0.03186881188118812;0.03094059405940594;0.03743811881188119;0.022277227722772276;0.013304455445544554;0.04146039603960396;0.15872524752475248;0.2172029702970297;0.18966584158415842;0.023824257425742575;0.024133663366336634;0.09653465346534654;0.15903465346534654;0.07858910891089109;0.010829207920792078;0.09251237623762376;0.11045792079207921;0.10334158415841584;0.09962871287128713;0.12438118811881188;0.1438737623762376;0.15717821782178218;0.09870049504950495;0.06033415841584158;0.009591584158415841;0.10736386138613861;0.11231435643564357;0.14913366336633663;0.1630569306930693;0.14139851485148514;0.13521039603960397;0.09034653465346534;0.054146039603960396;0.039913366336633664;0.007116336633663367;0.12438118811881188;0.13242574257425743;0.16738861386138615;0.14418316831683167;0.15037128712871287;0.10612623762376237;0.07797029702970297;0.055693069306930694;0.03681930693069307;0.004641089108910891;0.0012376237623762376;0.03558168316831683;0.0525990099009901;0.15191831683168316;0.08632425742574257;0.12438118811881188;0.19090346534653466;0.2620668316831683;0.07363861386138613;0.0213490099009901;0.03125;0.0;0.0;0.0;0.0;0.0;0.20358910891089108;0.5952970297029703;0.11076732673267327;0.059096534653465344;0.03125;0.0;0.0;0.0;0.0;0.0;0.013613861386138614;0.7348391089108911;0.1469678217821782;0.07332920792079207;0.5086633663366337;0.3582920792079208;0.10148514851485149;0.0003094059405940594;0.0;0.0;0.0;0.0;0.0;0.03125;0.7840346534653465;0.18471534653465346;0.0;0.0;0.0;0.0;0.0;0.0;0.0;0.03125;0.009900990099009901;0.0;0.0;0.0;0.04764851485148515;0.19925742574257427;0.11633663366336634;0.2806311881188119;0.1438737623762376;0.20235148514851486;0.009900990099009901;0.0;0.0;0.0;0.03310643564356436;0.2354579207920792;0.15408415841584158;0.22215346534653466;0.1655321782178218;0.1797648514851485;0.21132425742574257;0.11169554455445545;0.07642326732673267;0.08415841584158416;0.15439356435643564;0.08941831683168316;0.13149752475247525;0.10736386138613861;0.023824257425742575;0.009900990099009901;0.8239480198019802;0.1624381188118812;0.0037128712871287127;0.0;0.0;0.0;0.0;0.0;0.0;0.009900990099009901;0.009900990099009901;0.0;0.0;0.0;0.0;0.1608910891089109;0.15439356435643564;0.16491336633663367;0.3189975247524752;0.19090346534653466;0.009900990099009901;0.0;0.0;0.0;0.0;0.15872524752475248;0.18626237623762376;0.1844059405940594;0.27722772277227725;0.18347772277227722;0.1577970297029703;0.15501237623762376;0.10426980198019802;0.1373762376237624;0.15532178217821782;0.17790841584158415;0.09715346534653466;0.00525990099009901;0.0;0.009900990099009901;0.7818688118811881;0.2063737623762376;0.0018564356435643563;0.0;0.0;0.0;0.0;0.0;0.0;0.009900990099009901;0.04084158415841584;0.0;0.0;0.0;0.0;0.039913366336633664;0.2849628712871287;0.2110148514851485;0.2716584158415842;0.1516089108910891;0.04084158415841584;0.0;0.0;0.0;0.0;0.0;0.36726485148514854;0.23948019801980197;0.2057549504950495;0.14665841584158415;0.2750618811881188;0.20761138613861385;0.17141089108910892;0.11045792079207921;0.17233910891089108;0.022277227722772276;0.0;0.0;0.0;0.04084158415841584;0.3292079207920792;0.6287128712871287;0.0012376237623762376;0.0;0.0;0.0;0.0;0.0;0.0;0.04084158415841584;1
0.29399271844660196;0.3131067961165049;0.034890776699029125;0.017900485436893203;0.06341019417475728;0.07342233009708737;0.06765776699029126;0.048847087378640776;0.05764563106796117;0.02912621359223301;0.5006067961165048;0.13986650485436894;0.0770631067961165;0.045813106796116505;0.04824029126213592;0.050970873786407765;0.03913834951456311;0.050060679611650484;0.02912621359223301;0.01911407766990291;0.5;0.1407766990291262;0.08373786407766991;0.045813106796116505;0.06432038834951456;0.03610436893203883;0.03762135922330097;0.044902912621359224;0.028519417475728157;0.01820388349514563;0.0048543689320388345;0.1553398058252427;0.16231796116504854;0.2666868932038835;0.046723300970873786;0.02669902912621359;0.08404126213592233;0.10952669902912622;0.11862864077669903;0.025182038834951456;0.08009708737864078;0.10376213592233009;0.08737864077669903;0.09739077669902912;0.13015776699029127;0.1316747572815534;0.13804611650485438;0.1341019417475728;0.06765776699029126;0.029733009708737865;0.06371359223300971;0.11013349514563107;0.14805825242718446;0.13531553398058252;0.14350728155339806;0.15200242718446602;0.1004247572815534;0.0737257281553398;0.05734223300970874;0.015776699029126214;0.0770631067961165;0.12257281553398058;0.14927184466019416;0.1617111650485437;0.13531553398058252;0.125;0.11650485436893204;0.04035194174757282;0.06341019417475728;0.008798543689320388;0.023058252427184466;0.03428398058252427;0.11438106796116505;0.11316747572815535;0.13319174757281554;0.22178398058252427;0.25;0.0770631067961165;0.027609223300970875;0.0054611650485436895;0.03125;0.0;0.0;0.0;0.0;0.0;0.09678398058252427;0.6935679611650486;0.1325849514563107;0.045813106796116505;0.03125;0.0;0.0;0.0;0.0;0.0;0.0012135922330097086;0.5700849514563107;0.34648058252427183;0.050970873786407765;0.5239684466019418;0.3859223300970874;0.058859223300970875;0.0;0.0;0.0;0.0;0.0;0.0;0.03125;0.8938106796116505;0.07493932038834951;0.0;0.0;0.0;0.0;0.0;0.0;0.0;0.03125;0.009708737864077669;0.0;0.0;0.0;0.025485436893203883;0.17324029126213591;0.12773058252427186;0.2636529126213592;0.15139563106796117;0.2487864077669903;0.009708737864077669;0.0;0.0;0.0;0.009101941747572815;0.22724514563106796;0.1595873786407767;0.19993932038834952;0.17809466019417475;0.21632281553398058;0.16201456310679613;0.13228155339805825;0.07645631067961164;0.08131067961165049;0.13925970873786409;0.0891990291262136;0.1462378640776699;0.1350121359223301;0.028519417475728157;0.009708737864077669;0.7994538834951457;0.1808252427184466;0.010012135922330098;0.0;0.0;0.0;0.0;0.0;0.0;0.009708737864077669;0.009708737864077669;0.0;0.0;0.0;0.0;0.13925970873786409;0.14593446601941748;0.17597087378640777;0.3307038834951456;0.19842233009708737;0.009708737864077669;0.0;0.0;0.0;0.0;0.14411407766990292;0.1662621359223301;0.220873786407767;0.2845873786407767;0.17445388349514562;0.1395631067961165;0.13895631067961164;0.1341019417475728;0.1471480582524272;0.1571601941747573;0.17506067961165048;0.09101941747572816;0.007281553398058253;0.0;0.009708737864077669;0.8140169902912622;0.17627427184466019;0.0;0.0;0.0;0.0;0.0;0.0;0.0;0.009708737864077669;0.040655339805825245;0.0;0.0;0.0;0.0;0.026395631067961164;0.30400485436893204;0.21692961165048544;0.24635922330097088;0.16565533980582525;0.040655339805825245;0.0;0.0;0.0;0.0;0.00030339805825242716;0.38531553398058255;0.21571601941747573;0.20054611650485438;0.1574635922330097;0.29156553398058255;0.21237864077669902;0.15018203883495146;0.11923543689320389;0.16838592233009708;0.017597087378640776;0.0;0.0;0.0;0.040655339805825245;0.33100728155339804;0.627123786407767;0.0012135922330097086;0.0;0.0;0.0;0.0;0.0;0.0;0.040655339805825245;1
0.2988861386138614;0.3189975247524752;0.03558168316831683;0.017945544554455444;0.05816831683168317;0.07580445544554455;0.0671410891089109;0.05136138613861386;0.056002475247524754;0.020111386138613862;0.5538366336633663;0.10334158415841584;0.07116336633663366;0.040532178217821783;0.06497524752475248;0.04393564356435643;0.0411509900990099;0.04733910891089109;0.022586633663366336;0.011138613861386138;0.5077351485148515;0.1438737623762376;0.07611386138613861;0.043316831683168314;0.07332920792079207;0.038675742574257425;0.03620049504950495;0.04641089108910891;0.0213490099009901;0.012995049504950494;0.0037128712871287127;0.12747524752475248;0.2057549504950495;0.25711633663366334;0.05198019801980198;0.024133663366336634;0.06497524752475248;0.10055693069306931;0.1318069306930693;0.03248762376237624;0.06806930693069307;0.11076732673267327;0.09282178217821782;0.09189356435643564;0.12778465346534654;0.10922029702970297;0.14665841584158415;0.13892326732673269;0.0724009900990099;0.04146039603960396;0.06745049504950495;0.09870049504950495;0.15563118811881188;0.1358292079207921;0.13830445544554457;0.11943069306930693;0.14573019801980197;0.0609529702970297;0.05012376237623763;0.027846534653465347;0.06652227722772278;0.1358292079207921;0.1516089108910891;0.16491336633663367;0.1051980198019802;0.12469059405940594;0.13211633663366337;0.043007425742574254;0.05724009900990099;0.018873762376237623;0.027227722772277228;0.03527227722772277;0.12469059405940594;0.10643564356435643;0.14820544554455445;0.22246287128712872;0.23483910891089108;0.07147277227722772;0.024443069306930694;0.0049504950495049506;0.03125;0.0;0.0;0.0;0.0;0.0;0.06775990099009901;0.6571782178217822;0.20761138613861385;0.03620049504950495;0.03125;0.0;0.0;0.0;0.0;0.0;0.0;0.5513613861386139;0.3787128712871287;0.038675742574257425;0.5538366336633663;0.3777846534653465;0.03712871287128713;0.0;0.0;0.0;0.0;0.0;0.0;0.03125;0.9176980198019802;0.0510519801980198;0.0;0.0;0.0;0.0;0.0;0.0;0.0;0.03125;0.009900990099009901;0.0;0.0;0.0;0.026918316831683168;0.17110148514851486;0.1417079207920792;0.25866336633663367;0.17945544554455445;0.21225247524752475;0.009900990099009901;0.0;0.0;0.0;0.003094059405940594;0.22370049504950495;0.15841584158415842;0.20142326732673269;0.17636138613861385;0.2271039603960396;0.1494430693069307;0.1349009900990099;0.08323019801980198;0.08106435643564357;0.13675742574257427;0.09034653465346534;0.15625;0.13056930693069307;0.027537128712871287;0.009900990099009901;0.7889851485148515;0.19090346534653466;0.01021039603960396;0.0;0.0;0.0;0.0;0.0;0.0;0.009900990099009901;0.009900990099009901;0.0;0.0;0.0;0.0;0.13985148514851486;0.14232673267326731;0.18162128712871287;0.3536509900990099;0.17264851485148514;0.009900990099009901;0.0;0.0;0.0;0.0;0.1417079207920792;0.16955445544554457;0.2295792079207921;0.3001237623762376;0.14913366336633663;0.14263613861386137;0.13366336633663367;0.1463490099009901;0.15222772277227722;0.16491336633663367;0.17048267326732675;0.07673267326732673;0.003094059405940594;0.0;0.009900990099009901;0.8087871287128713;0.1813118811881188;0.0;0.0;0.0;0.0;0.0;0.0;0.0;0.009900990099009901;0.04084158415841584;0.0;0.0;0.0;0.0;0.014542079207920793;0.32332920792079206;0.22400990099009901;0.22308168316831684;0.17419554455445543;0.04084158415841584;0.0;0.0;0.0;0.0;0.0;0.3895420792079208;0.19306930693069307;0.2103960396039604;0.1661509900990099;0.31095297029702973;0.2119430693069307;0.1463490099009901;0.12066831683168316;0.15748762376237624;0.011757425742574257;0.0;0.0;0.0;0.04084158415841584;0.6689356435643564;0.2902227722772277;0.0;0.0;0.0;0.0;0.0;0.0;0.0;0.04084158415841584;1
0.3625606796116505;0.2412014563106796;0.05066747572815534;0.030946601941747573;0.04308252427184466;0.06341019417475728;0.06553398058252427;0.06219660194174757;0.06128640776699029;0.01911407766990291;0.3337378640776699;0.2912621359223301;0.05339805825242718;0.05612864077669903;0.06856796116504854;0.05764563106796117;0.03913834951456311;0.05976941747572816;0.028519417475728157;0.01183252427184466;0.4359830097087379;0.19963592233009708;0.05461165048543689;0.0524878640776699;0.08404126213592233;0.04338592233009709;0.04035194174757282;0.05552184466019418;0.021237864077669904;0.012742718446601941;0.08555825242718447;0.13228155339805825;0.33313106796116504;0.07190533980582524;0.03944174757281554;0.047936893203883495;0.0791868932038835;0.11134708737864078;0.08646844660194175;0.012742718446601941;0.06947815533980582;0.10952669902912622;0.1262135922330097;0.10345873786407767;0.12439320388349515;0.1204490291262136;0.1495752427184466;0.11771844660194175;0.05764563106796117;0.02154126213592233;0.12742718446601942;0.15139563106796117;0.1171116504854369;0.1316747572815534;0.15139563106796117;0.15230582524271843;0.06856796116504854;0.04733009708737864;0.030643203883495146;0.022148058252427185;0.10194174757281553;0.1574635922330097;0.14108009708737865;0.13319174757281554;0.11953883495145631;0.14684466019417475;0.10072815533980582;0.04035194174757282;0.03033980582524272;0.028519417475728157;0.01699029126213592;0.01820388349514563;0.10800970873786407;0.08222087378640777;0.1708131067961165;0.20934466019417475;0.21146844660194175;0.1171116504854369;0.0591626213592233;0.006674757281553398;0.03125;0.0;0.0;0.0;0.0;0.0;0.0;0.3100728155339806;0.6410800970873787;0.017597087378640776;0.03125;0.0;0.0;0.0;0.0;0.0;0.0;0.013349514563106795;0.743628640776699;0.21177184466019416;0.5676577669902912;0.39866504854368934;0.0024271844660194173;0.0;0.0;0.0;0.0;0.0;0.0;0.03125;0.5527912621359223;0.41595873786407767;0.0;0.0;0.0;0.0;0.0;0.0;0.0;0.03125;0.009708737864077669;0.0;0.0;0.0;0.00030339805825242716;0.15776699029126215;0.15260922330097088;0.23604368932038836;0.1865898058252427;0.25697815533980584;0.009708737864077669;0.0;0.0;0.0;0.0;0.19144417475728157;0.1720266990291262;0.17536407766990292;0.19144417475728157;0.2600121359223301;0.14381067961165048;0.15139563106796117;0.05946601941747573;0.08495145631067962;0.11165048543689321;0.11286407766990292;0.15685679611650485;0.14654126213592233;0.02275485436893204;0.009708737864077669;0.8200849514563107;0.17020631067961164;0.0;0.0;0.0;0.0;0.0;0.0;0.0;0.009708737864077669;0.009708737864077669;0.0;0.0;0.0;0.0;0.10527912621359223;0.14229368932038836;0.20752427184466019;0.37773058252427183;0.1574635922330097;0.009708737864077669;0.0;0.0;0.0;0.0;0.10679611650485436;0.18355582524271843;0.2509101941747573;0.314623786407767;0.13440533980582525;0.10983009708737865;0.13349514563106796;0.16262135922330098;0.16353155339805825;0.18355582524271843;0.1617111650485437;0.07281553398058252;0.0027305825242718447;0.0;0.009708737864077669;0.8006674757281553;0.189623786407767;0.0;0.0;0.0;0.0;0.0;0.0;0.0;0.009708737864077669;0.040655339805825245;0.0;0.0;0.0;0.0;0.008798543689320388;0.339502427184466;0.20813106796116504;0.19902912621359223;0.20388349514563106;0.040655339805825245;0.0;0.0;0.0;0.0;0.0;0.4095873786407767;0.17050970873786409;0.18112864077669902;0.19811893203883496;0.32524271844660196;0.1941747572815534;0.14654126213592233;0.13137135922330098;0.1595873786407767;0.0024271844660194173;0.0;0.0;0.0;0.040655339805825245;0.7263349514563107;0.23300970873786409;0.0;0.0;0.0;0.0;0.0;0.0;0.0;0.040655339805825245;1
0.3415625;0.1715625;0.0671875;0.0584375;0.0559375;0.066875;0.0815625;0.0775;0.0465625;0.0328125;0.343125;0.1896875;0.0740625;0.076875;0.0903125;0.0496875;0.0471875;0.070625;0.0303125;0.028125;0.4040625;0.140625;0.073125;0.08375;0.0915625;0.039375;0.0584375;0.0559375;0.0240625;0.0290625;0.001875;0.0696875;0.14;0.2646875;0.0740625;0.0996875;0.0871875;0.136875;0.0959375;0.03;0.0153125;0.130625;0.153125;0.1159375;0.1034375;0.12875;0.150625;0.116875;0.0578125;0.0275;0.08125;0.17;0.16375;0.12875;0.124375;0.1646875;0.075625;0.0503125;0.029375;0.011875;0.021875;0.184375;0.188125;0.135625;0.1478125;0.1321875;0.10625;0.0428125;0.0271875;0.01375;0.0125;0.0225;0.0703125;0.165;0.11125;0.204375;0.2009375;0.139375;0.0521875;0.0215625;0.03125;0.0;0.0;0.0;0.0;0.0;0.0;0.0;0.3690625;0.5996875;0.03125;0.0;0.0;0.0;0.0;0.0;0.0;0.0;0.35;0.61875;0.6696875;0.2990625;0.0;0.0;0.0;0.0;0.0;0.0;0.0;0.03125;0.9684375;0.0003125;0.0;0.0;0.0;0.0;0.0;0.0;0.0;0.03125;0.01;0.0;0.0;0.0;0.0009375;0.1946875;0.18;0.204375;0.2115625;0.1984375;0.01;0.0;0.0;0.0;0.0;0.2534375;0.2003125;0.14875;0.238125;0.149375;0.195;0.1921875;0.068125;0.0715625;0.1128125;0.163125;0.1334375;0.051875;0.001875;0.01;0.7765625;0.2121875;0.00125;0.0;0.0;0.0;0.0;0.0;0.0;0.01;0.01;0.0;0.0;0.0;0.0;0.02375;0.2428125;0.2296875;0.3278125;0.1659375;0.01;0.0;0.0;0.0;0.0;0.0146875;0.2953125;0.2453125;0.3178125;0.116875;0.1453125;0.2071875;0.210625;0.16125;0.1975;0.0640625;0.0040625;0.0;0.0;0.01;0.75375;0.23625;0.0;0.0;0.0;0.0;0.0;0.0;0.0;0.01;0.0409375;0.0;0.0;0.0;0.0;0.001875;0.32875;0.300625;0.1796875;0.148125;0.0409375;0.0;0.0;0.0;0.0;0.0;0.43375;0.23125;0.15625;0.1378125;0.45375;0.2009375;0.138125;0.11;0.05625;0.0;0.0;0.0;0.0;0.0409375;0.526875;0.4321875;0.0;0.0;0.0;0.0;0.0;0.0;0.0;0.0409375;1
0.19174757281553398;0.14472087378640777;0.08950242718446602;0.09769417475728155;0.13986650485436894;0.12894417475728157;0.08070388349514564;0.07797330097087378;0.038834951456310676;0.010012135922330098;0.24029126213592233;0.14259708737864077;0.13713592233009708;0.19144417475728157;0.10800970873786407;0.03519417475728155;0.05066747572815534;0.06796116504854369;0.01820388349514563;0.00849514563106796;0.26183252427184467;0.17111650485436894;0.18810679611650485;0.12894417475728157;0.08131067961165049;0.033677184466019416;0.07493932038834951;0.04004854368932039;0.012439320388349514;0.00758495145631068;0.023361650485436893;0.07858009708737865;0.21601941747572814;0.08191747572815535;0.10072815533980582;0.12105582524271845;0.18385922330097088;0.10952669902912622;0.06856796116504854;0.016383495145631068;0.06158980582524272;0.2445388349514563;0.2682038834951456;0.10649271844660194;0.06644417475728155;0.06735436893203883;0.07463592233009708;0.06341019417475728;0.03033980582524272;0.01699029126213592;0.03337378640776699;0.15898058252427186;0.3892597087378641;0.10891990291262135;0.06462378640776699;0.0703883495145631;0.06371359223300971;0.06462378640776699;0.02821601941747573;0.017900485436893203;0.10012135922330097;0.2490898058252427;0.2691140776699029;0.07554611650485436;0.07949029126213593;0.0791868932038835;0.05643203883495146;0.05157766990291262;0.028519417475728157;0.010922330097087379;0.010922330097087379;0.013652912621359222;0.11862864077669903;0.25728155339805825;0.11953883495145631;0.21359223300970873;0.11741504854368932;0.09192961165048544;0.0491504854368932;0.007888349514563107;0.03125;0.0;0.0;0.0;0.0;0.0;0.0;0.0012135922330097086;0.39836165048543687;0.5691747572815534;0.03125;0.0;0.0;0.0;0.0;0.0;0.0;0.0;0.25394417475728154;0.7148058252427184;0.777002427184466;0.19174757281553398;0.0;0.0;0.0;0.0;0.0;0.0;0.0;0.03125;0.7836771844660194;0.18507281553398058;0.0;0.0;0.0;0.0;0.0;0.0;0.0;0.03125;0.009708737864077669;0.0;0.0;0.0;0.0;0.1653519417475728;0.2132888349514563;0.1695995145631068;0.25394417475728154;0.18810679611650485;0.009708737864077669;0.0;0.0;0.0;0.0;0.189623786407767;0.24696601941747573;0.15139563106796117;0.21510922330097088;0.18719660194174756;0.1720266990291262;0.21268203883495146;0.09344660194174757;0.10740291262135922;0.11741504854368932;0.1695995145631068;0.09648058252427184;0.021237864077669904;0.0;0.009708737864077669;0.8027912621359223;0.1875;0.0;0.0;0.0;0.0;0.0;0.0;0.0;0.009708737864077669;0.009708737864077669;0.0;0.0;0.0;0.0;0.056735436893203886;0.2809466019417476;0.23816747572815533;0.2794296116504854;0.1350121359223301;0.009708737864077669;0.0;0.0;0.0;0.0;0.01183252427184466;0.35254854368932037;0.25819174757281554;0.2657766990291262;0.10194174757281553;0.2700242718446602;0.18780339805825244;0.21389563106796117;0.12651699029126215;0.1638349514563107;0.02821601941747573;0.0;0.0;0.0;0.009708737864077669;0.7041868932038835;0.28610436893203883;0.0;0.0;0.0;0.0;0.0;0.0;0.0;0.009708737864077669;0.040655339805825245;0.0;0.0;0.0;0.0;0.010315533980582525;0.4984830097087379;0.22057038834951456;0.11225728155339806;0.11771844660194175;0.040655339805825245;0.0;0.0;0.0;0.0;0.0;0.5676577669902912;0.17597087378640777;0.1049757281553398;0.11074029126213593;0.5864684466019418;0.14805825242718446;0.08859223300970874;0.11468446601941748;0.02154126213592233;0.0;0.0;0.0;0.0;0.040655339805825245;0.6416868932038835;0.31765776699029125;0.0;0.0;0.0;0.0;0.0;0.0;0.0;0.040655339805825245;1
0.12531887755102042;0.11511479591836735;0.11383928571428571;0.08769132653061225;0.14636479591836735;0.14955357142857142;0.09151785714285714;0.060267857142857144;0.07971938775510204;0.030612244897959183;0.14508928571428573;0.11352040816326531;0.18526785714285715;0.18016581632653061;0.11639030612244898;0.08545918367346939;0.041135204081632654;0.05325255102040816;0.06090561224489796;0.01881377551020408;0.1591198979591837;0.12085459183673469;0.22130102040816327;0.1753826530612245;0.08099489795918367;0.07876275510204081;0.030612244897959183;0.045599489795918366;0.07302295918367346;0.014349489795918368;0.023278061224489797;0.036989795918367346;0.15752551020408162;0.1132015306122449;0.13392857142857142;0.19005102040816327;0.18718112244897958;0.10459183673469388;0.04177295918367347;0.011479591836734694;0.07047193877551021;0.33067602040816324;0.31919642857142855;0.0934311224489796;0.03443877551020408;0.04432397959183673;0.05580357142857143;0.022002551020408163;0.01594387755102041;0.01371173469387755;0.032525510204081634;0.2158801020408163;0.4164540816326531;0.13329081632653061;0.04846938775510204;0.044642857142857144;0.04783163265306122;0.03093112244897959;0.015625;0.014349489795918368;0.039540816326530615;0.23692602040816327;0.3268494897959184;0.1881377551020408;0.042091836734693876;0.052614795918367346;0.05963010204081633;0.02391581632653061;0.017538265306122448;0.012755102040816327;0.016581632653061226;0.014668367346938776;0.15051020408163265;0.3182397959183674;0.09534438775510204;0.22417091836734693;0.08545918367346939;0.05739795918367347;0.030612244897959183;0.00701530612244898;0.03125;0.0;0.0;0.0;0.0;0.0;0.0;0.0;0.39700255102040816;0.5717474489795918;0.03125;0.0;0.0;0.0;0.0;0.0;0.0;0.0;0.29336734693877553;0.6753826530612245;0.921875;0.046875;0.0;0.0;0.0;0.0;0.0;0.0;0.0;0.03125;0.7324617346938775;0.23628826530612246;0.0;0.0;0.0;0.0;0.0;0.0;0.0;0.03125;0.01020408163265306;0.0;0.0;0.0;0.0;0.13616071428571427;0.2420280612244898;0.1989795918367347;0.29049744897959184;0.12213010204081633;0.01020408163265306;0.0;0.0;0.0;0.0;0.15082908163265307;0.28762755102040816;0.21237244897959184;0.22098214285714285;0.11798469387755102;0.18718112244897958;0.22002551020408162;0.16741071428571427;0.13233418367346939;0.14030612244897958;0.12053571428571429;0.022002551020408163;0.0;0.0;0.01020408163265306;0.7142857142857143;0.26785714285714285;0.007653061224489796;0.0;0.0;0.0;0.0;0.0;0.0;0.01020408163265306;0.01020408163265306;0.0;0.0;0.0;0.0;0.0;0.32971938775510207;0.2614795918367347;0.2420280612244898;0.15656887755102042;0.01020408163265306;0.0;0.0;0.0;0.0;0.0;0.3877551020408163;0.25;0.20822704081632654;0.14381377551020408;0.38711734693877553;0.2264030612244898;0.18207908163265307;0.11894132653061225;0.07525510204081633;0.0;0.0;0.0;0.0;0.01020408163265306;0.8555484693877551;0.1329719387755102;0.0012755102040816326;0.0;0.0;0.0;0.0;0.0;0.0;0.01020408163265306;0.041135204081632654;0.0;0.0;0.0;0.0;0.0;0.43239795918367346;0.40369897959183676;0.0778061224489796;0.04496173469387755;0.041135204081632654;0.0;0.0;0.0;0.0;0.0;0.21843112244897958;0.6061862244897959;0.07653061224489796;0.057716836734693876;0.6642219387755102;0.18590561224489796;0.07047193877551021;0.03826530612244898;0.0;0.0;0.0;0.0;0.0;0.041135204081632654;0.7678571428571429;0.1910076530612245;0.0;0.0;0.0;0.0;0.0;0.0;0.0;0.041135204081632654;1
0.081875;0.12;0.123125;0.1246875;0.174375;0.135;0.0859375;0.0621875;0.055;0.0378125;0.0453125;0.2365625;0.1396875;0.189375;0.1059375;0.12;0.0475;0.048125;0.0375;0.03;0.064375;0.24875;0.1690625;0.1390625;0.0978125;0.1059375;0.056875;0.05;0.03625;0.031875;0.005;0.015;0.0425;0.0434375;0.1109375;0.23625;0.3271875;0.1571875;0.045;0.0175;0.0053125;0.058125;0.2971875;0.288125;0.223125;0.085;0.016875;0.0128125;0.010625;0.0028125;0.0084375;0.16625;0.25875;0.338125;0.1703125;0.02375;0.0184375;0.01;0.004375;0.0015625;0.0084375;0.11125;0.1971875;0.389375;0.195;0.068125;0.0146875;0.01;0.004375;0.0015625;0.01;0.0;0.050625;0.1875;0.1903125;0.0853125;0.2071875;0.153125;0.085;0.0309375;0.03125;0.0;0.0;0.0;0.0;0.0;0.0;0.0115625;0.3671875;0.59;0.03125;0.0;0.0;0.0;0.0;0.0;0.0;0.0;0.0028125;0.9659375;0.9646875;0.0040625;0.0;0.0;0.0;0.0;0.0;0.0;0.0;0.03125;0.693125;0.275625;0.0;0.0;0.0;0.0;0.0;0.0;0.0;0.03125;0.01;0.0;0.0;0.0;0.0;0.063125;0.226875;0.203125;0.349375;0.1475;0.01;0.0;0.0;0.0;0.0;0.08375;0.25375;0.2884375;0.2528125;0.11125;0.153125;0.204375;0.2234375;0.1528125;0.1646875;0.0775;0.0140625;0.0;0.0;0.01;0.7221875;0.26;0.0078125;0.0;0.0;0.0;0.0;0.0;0.0;0.01;0.01;0.0;0.0;0.0;0.0;0.0;0.375625;0.2678125;0.2021875;0.144375;0.01;0.0;0.0;0.0;0.0;0.0;0.45125;0.23;0.1759375;0.1328125;0.4553125;0.20875;0.154375;0.1128125;0.05875;0.0;0.0;0.0;0.0;0.01;0.7696875;0.2203125;0.0;0.0;0.0;0.0;0.0;0.0;0.0;0.01;0.0409375;0.0;0.0;0.0;0.0;0.0096875;0.616875;0.23375;0.0440625;0.0546875;0.0409375;0.0;0.0;0.0;0.0;0.0;0.4596875;0.39625;0.0440625;0.0590625;0.77125;0.0946875;0.0478125;0.0453125;0.0;0.0;0.0;0.0;0.0;0.0409375;0.9040625;0.055;0.0;0.0;0.0;0.0;0.0;0.0;0.0;0.0409375;1
0.019375;0.16625;0.1446875;0.1190625;0.1665625;0.146875;0.0925;0.0546875;0.0509375;0.0390625;0.2196875;0.13875;0.159375;0.149375;0.105;0.0878125;0.046875;0.0415625;0.031875;0.0196875;0.195625;0.1840625;0.1540625;0.1096875;0.1146875;0.0903125;0.05;0.031875;0.04625;0.0234375;0.0025;0.016875;0.045625;0.061875;0.1490625;0.21125;0.2921875;0.1834375;0.02625;0.0109375;0.0075;0.03125;0.0315625;0.0290625;0.1215625;0.36125;0.1675;0.1696875;0.07;0.010625;0.00625;0.0321875;0.15125;0.186875;0.101875;0.163125;0.26375;0.0825;0.0090625;0.003125;0.0034375;0.0109375;0.1225;0.118125;0.13625;0.23;0.253125;0.1121875;0.01125;0.0021875;0.0075;0.0225;0.0;0.03125;0.193125;0.299375;0.1121875;0.21125;0.0478125;0.075;0.03125;0.0;0.0;0.0;0.0;0.0;0.0;0.0;0.1934375;0.7753125;0.03125;0.0;0.0;0.0;0.0;0.0;0.0;0.0;0.001875;0.966875;0.9678125;0.0009375;0.0;0.0;0.0;0.0;0.0;0.0;0.0;0.03125;0.58375;0.385;0.0;0.0;0.0;0.0;0.0;0.0;0.0;0.03125;0.01;0.0;0.0;0.0;0.0;0.025625;0.245625;0.233125;0.376875;0.10875;0.01;0.0;0.0;0.0;0.0;0.02625;0.285;0.2996875;0.27375;0.1053125;0.1259375;0.2496875;0.2434375;0.151875;0.169375;0.0475;0.0021875;0.0;0.0;0.01;0.673125;0.314375;0.0025;0.0;0.0;0.0;0.0;0.0;0.0;0.01;0.01;0.0;0.0;0.0;0.0;0.0;0.39;0.3003125;0.1696875;0.13;0.01;0.0;0.0;0.0;0.0;0.0;0.4584375;0.256875;0.1584375;0.11625;0.5409375;0.174375;0.1428125;0.1046875;0.0271875;0.0;0.0;0.0;0.0;0.01;0.791875;0.198125;0.0;0.0;0.0;0.0;0.0;0.0;0.0;0.01;0.0409375;0.0;0.0;0.0;0.0;0.005;0.514375;0.3665625;0.0378125;0.0353125;0.0409375;0.0;0.0;0.0;0.0;0.0;0.438125;0.4459375;0.0390625;0.0359375;0.7878125;0.1084375;0.0421875;0.020625;0.0;0.0;0.0;0.0;0.0;0.0409375;0.92875;0.0303125;0.0;0.0;0.0;0.0;0.0;0.0;0.0;0.0409375;1
0.03743811881188119;0.14418316831683167;0.13521039603960397;0.11633663366336634;0.15594059405940594;0.15346534653465346;0.10086633663366337;0.06280940594059406;0.055074257425742575;0.038675742574257425;0.12159653465346534;0.2172029702970297;0.12685643564356436;0.15625;0.11819306930693069;0.12159653465346534;0.04764851485148515;0.0426980198019802;0.03001237623762376;0.017945544554455444;0.16058168316831684;0.19554455445544555;0.15872524752475248;0.09653465346534654;0.12376237623762376;0.10396039603960396;0.05198019801980198;0.040222772277227724;0.04702970297029703;0.021658415841584157;0.02629950495049505;0.002165841584158416;0.04517326732673267;0.10952970297029703;0.0724009900990099;0.1989480198019802;0.30785891089108913;0.17728960396039603;0.04795792079207921;0.012376237623762377;0.01577970297029703;0.034653465346534656;0.027846534653465347;0.12561881188118812;0.26330445544554454;0.36014851485148514;0.1516089108910891;0.01701732673267327;0.003094059405940594;0.0009282178217821782;0.01639851485148515;0.04176980198019802;0.23514851485148514;0.23731435643564355;0.14758663366336633;0.2719678217821782;0.039603960396039604;0.008663366336633664;0.0009282178217821782;0.0006188118811881188;0.003094059405940594;0.03155940594059406;0.20482673267326731;0.1448019801980198;0.2391707920792079;0.2416460396039604;0.11850247524752475;0.012376237623762377;0.0034034653465346535;0.0006188118811881188;0.007425742574257425;0.027227722772277228;0.0;0.04146039603960396;0.1974009900990099;0.25340346534653463;0.10674504950495049;0.1974009900990099;0.06621287128712872;0.10272277227722772;0.03125;0.0;0.0;0.0;0.0;0.0;0.0;0.0;0.27784653465346537;0.6909034653465347;0.03125;0.0;0.0;0.0;0.0;0.0;0.0;0.0;0.0037128712871287127;0.9650371287128713;0.9675123762376238;0.0012376237623762376;0.0;0.0;0.0;0.0;0.0;0.0;0.0;0.03125;0.6760519801980198;0.2926980198019802;0.0;0.0;0.0;0.0;0.0;0.0;0.0;0.03125;0.009900990099009901;0.0;0.0;0.0;0.0;0.03372524752475248;0.26392326732673266;0.22153465346534654;0.37530940594059403;0.09560643564356436;0.009900990099009901;0.0;0.0;0.0;0.0;0.039294554455445545;0.3063118811881188;0.29610148514851486;0.2688737623762376;0.07951732673267327;0.16491336633663367;0.25123762376237624;0.23267326732673269;0.1577970297029703;0.1547029702970297;0.028774752475247526;0.0;0.0;0.0;0.009900990099009901;0.7540222772277227;0.23607673267326731;0.0;0.0;0.0;0.0;0.0;0.0;0.0;0.009900990099009901;0.009900990099009901;0.0;0.0;0.0;0.0;0.0;0.42419554455445546;0.2995049504950495;0.16522277227722773;0.10117574257425743;0.009900990099009901;0.0;0.0;0.0;0.0;0.0;0.46844059405940597;0.2787747524752475;0.16491336633663367;0.07797029702970297;0.5788985148514851;0.1760519801980198;0.1379950495049505;0.08323019801980198;0.013923267326732673;0.0;0.0;0.0;0.0;0.009900990099009901;0.8650990099009901;0.125;0.0;0.0;0.0;0.0;0.0;0.0;0.0;0.009900990099009901;0.04084158415841584;0.0;0.0;0.0;0.0;0.0012376237623762376;0.35396039603960394;0.556930693069307;0.03001237623762376;0.01701732673267327;0.04084158415841584;0.0;0.0;0.0;0.0;0.0;0.21534653465346534;0.6964727722772277;0.03063118811881188;0.01670792079207921;0.776299504950495;0.15253712871287128;0.025061881188118813;0.00525990099009901;0.0;0.0;0.0;0.0;0.0;0.04084158415841584;0.9146039603960396;0.04455445544554455;0.0;0.0;0.0;0.0;0.0;0.0;0.0;0.04084158415841584;1
0.031862745098039214;0.16636029411764705;0.14491421568627452;0.11243872549019608;0.17064950980392157;0.14736519607843138;0.08731617647058823;0.058823529411764705;0.04871323529411765;0.03155637254901961;0.037377450980392156;0.2696078431372549;0.13020833333333334;0.17064950980392157;0.12928921568627452;0.09528186274509803;0.06740196078431372;0.050551470588235295;0.03155637254901961;0.018075980392156864;0.030943627450980393;0.3324142156862745;0.1256127450980392;0.13602941176470587;0.11397058823529412;0.10018382352941177;0.0661764705882353;0.04044117647058824;0.03615196078431373;0.018075980392156864;0.0012254901960784314;0.018995098039215685;0.022058823529411766;0.03952205882352941;0.18259803921568626;0.1403186274509804;0.20098039215686275;0.26715686274509803;0.12346813725490197;0.003676470588235294;0.015318627450980392;0.014093137254901961;0.021139705882352942;0.036458333333333336;0.09895833333333333;0.39644607843137253;0.24295343137254902;0.08731617647058823;0.07628676470588236;0.011029411764705883;0.023284313725490197;0.04503676470588235;0.07689950980392157;0.20036764705882354;0.17064950980392157;0.12714460784313725;0.24724264705882354;0.06678921568627451;0.041666666666666664;0.0009191176470588235;0.003982843137254902;0.0428921568627451;0.19240196078431374;0.0628063725490196;0.2110906862745098;0.15778186274509803;0.045649509803921566;0.23100490196078433;0.05177696078431373;0.0006127450980392157;0.0024509803921568627;0.014705882352941176;0.0070465686274509805;0.05575980392156863;0.32567401960784315;0.19607843137254902;0.06341911764705882;0.1482843137254902;0.11274509803921569;0.07383578431372549;0.03125;0.0;0.0;0.0;0.0;0.0;0.0;0.0;0.3174019607843137;0.6513480392156863;0.03125;0.0;0.0;0.0;0.0;0.0;0.0;0.0;0.0;0.96875;0.9635416666666666;0.005208333333333333;0.0;0.0;0.0;0.0;0.0;0.0;0.0;0.03125;0.6856617647058824;0.28308823529411764;0.0;0.0;0.0;0.0;0.0;0.0;0.0;0.03125;0.00980392156862745;0.0;0.0;0.0;0.0;0.03707107843137255;0.27328431372549017;0.23621323529411764;0.32567401960784315;0.11795343137254902;0.00980392156862745;0.0;0.0;0.0;0.0;0.035845588235294115;0.32107843137254904;0.296875;0.2643995098039216;0.07199754901960784;0.20863970588235295;0.24540441176470587;0.23958333333333334;0.14675245098039216;0.13419117647058823;0.015625;0.0;0.0;0.0;0.00980392156862745;0.7000612745098039;0.29013480392156865;0.0;0.0;0.0;0.0;0.0;0.0;0.0;0.00980392156862745;0.00980392156862745;0.0;0.0;0.0;0.0;0.0;0.44025735294117646;0.3121936274509804;0.14705882352941177;0.09068627450980392;0.00980392156862745;0.0;0.0;0.0;0.0;0.0;0.41360294117647056;0.3581495098039216;0.13756127450980393;0.08088235294117647;0.6427696078431373;0.15226715686274508;0.12316176470588236;0.0664828431372549;0.0055147058823529415;0.0;0.0;0.0;0.0;0.00980392156862745;0.6446078431372549;0.34558823529411764;0.0;0.0;0.0;0.0;0.0;0.0;0.0;0.00980392156862745;0.040747549019607844;0.0;0.0;0.0;0.0;0.0015318627450980392;0.22426470588235295;0.6920955882352942;0.030943627450980393;0.010416666666666666;0.040747549019607844;0.0;0.0;0.0;0.0;0.0;0.04381127450980392;0.8713235294117647;0.03308823529411765;0.011029411764705883;0.8296568627450981;0.11458333333333333;0.014399509803921568;0.0006127450980392157;0.0;0.0;0.0;0.0;0.0;0.040747549019607844;0.928921568627451;0.030330882352941176;0.0;0.0;0.0;0.0;0.0;0.0;0.0;0.040747549019607844;1
0.03672680412371134;0.10277061855670103;0.16076030927835053;0.11791237113402062;0.17622422680412372;0.16655927835051546;0.08054123711340207;0.0625;0.053479381443298966;0.04252577319587629;0.11662371134020619;0.20908505154639176;0.13079896907216496;0.1559278350515464;0.14239690721649484;0.09890463917525773;0.046713917525773196;0.04832474226804124;0.039304123711340205;0.011920103092783504;0.18395618556701032;0.194909793814433;0.15077319587628865;0.09729381443298969;0.13530927835051546;0.0860180412371134;0.04735824742268041;0.04252577319587629;0.04542525773195876;0.01643041237113402;0.023518041237113402;0.021585051546391752;0.014819587628865979;0.09020618556701031;0.08505154639175258;0.20006443298969073;0.2551546391752577;0.2606314432989691;0.039304123711340205;0.009664948453608248;0.01804123711340206;0.04896907216494845;0.06797680412371133;0.22422680412371135;0.43621134020618557;0.15560567010309279;0.037371134020618556;0.008698453608247423;0.0019329896907216496;0.0009664948453608248;0.041237113402061855;0.11887886597938144;0.22326030927835053;0.23131443298969073;0.13659793814432988;0.23067010309278352;0.011597938144329897;0.0035438144329896907;0.002577319587628866;0.00032216494845360824;0.007731958762886598;0.07087628865979381;0.2548324742268041;0.17525773195876287;0.16978092783505155;0.29381443298969073;0.019007731958762885;0.005154639175257732;0.0032216494845360823;0.00032216494845360824;0.002577319587628866;0.02190721649484536;0.009664948453608248;0.06443298969072164;0.28801546391752575;0.20811855670103094;0.15786082474226804;0.17880154639175258;0.04768041237113402;0.020940721649484535;0.03125;0.0;0.0;0.0;0.0;0.0;0.0;0.0;0.4487757731958763;0.5199742268041238;0.03125;0.0;0.0;0.0;0.0;0.0;0.0;0.0;0.00032216494845360824;0.9684278350515464;0.96875;0.0;0.0;0.0;0.0;0.0;0.0;0.0;0.0;0.03125;0.6974871134020618;0.2712628865979381;0.0;0.0;0.0;0.0;0.0;0.0;0.0;0.03125;0.010309278350515464;0.0;0.0;0.0;0.0;0.005154639175257732;0.24548969072164947;0.24871134020618557;0.30541237113402064;0.18492268041237114;0.010309278350515464;0.0;0.0;0.0;0.0;0.0032216494845360823;0.3086340206185567;0.26707474226804123;0.3076675257731959;0.10309278350515463;0.20006443298969073;0.2606314432989691;0.2422680412371134;0.1639819587628866;0.11630154639175258;0.006443298969072165;0.0;0.0;0.0;0.010309278350515464;0.6343427835051546;0.35148195876288657;0.003865979381443299;0.0;0.0;0.0;0.0;0.0;0.0;0.010309278350515464;0.010309278350515464;0.0;0.0;0.0;0.0;0.0;0.4181701030927835;0.3492268041237113;0.16945876288659795;0.05283505154639175;0.010309278350515464;0.0;0.0;0.0;0.0;0.0;0.40496134020618557;0.3859536082474227;0.14980670103092783;0.04896907216494845;0.6446520618556701;0.17719072164948454;0.13079896907216496;0.035438144329896906;0.0016108247422680412;0.0;0.0;0.0;0.0;0.010309278350515464;0.8872422680412371;0.10244845360824742;0.0;0.0;0.0;0.0;0.0;0.0;0.0;0.010309278350515464;0.041237113402061855;0.0;0.0;0.0;0.0;0.0;0.0006443298969072165;0.15914948453608246;0.7193943298969072;0.07957474226804123;0.041237113402061855;0.0;0.0;0.0;0.0;0.0;0.0;0.05605670103092784;0.8878865979381443;0.014819587628865979;0.9065721649484536;0.05186855670103093;0.00032216494845360824;0.0;0.0;0.0;0.0;0.0;0.0;0.041237113402061855;0.9346005154639175;0.02416237113402062;0.0;0.0;0.0;0.0;0.0;0.0;0.0;0.041237113402061855;1
0.05127427184466019;0.1875;0.16777912621359223;0.12105582524271845;0.1350121359223301;0.1404733009708738;0.07524271844660194;0.051881067961165046;0.044902912621359224;0.02487864077669903;0.03822815533980582;0.2815533980582524;0.1395631067961165;0.13895631067961164;0.13197815533980584;0.10285194174757281;0.07493932038834951;0.03913834951456311;0.032766990291262135;0.020024271844660196;0.022148058252427185;0.30188106796116504;0.19387135922330098;0.11195388349514564;0.12924757281553398;0.10679611650485436;0.04399271844660194;0.04399271844660194;0.03216019417475728;0.013956310679611651;0.00758495145631068;0.030643203883495146;0.021844660194174758;0.1104368932038835;0.12075242718446602;0.0891990291262136;0.18719660194174756;0.1695995145631068;0.19356796116504854;0.0691747572815534;0.022451456310679612;0.017900485436893203;0.014866504854368932;0.023058252427184466;0.10012135922330097;0.16231796116504854;0.41413834951456313;0.13197815533980584;0.09162621359223301;0.02154126213592233;0.020024271844660196;0.01820388349514563;0.09587378640776699;0.13986650485436894;0.23513349514563106;0.11680825242718447;0.14199029126213591;0.1259101941747573;0.10103155339805825;0.0051577669902912624;0.0048543689320388345;0.006371359223300971;0.10436893203883495;0.07493932038834951;0.21359223300970873;0.07584951456310679;0.19447815533980584;0.04975728155339806;0.23483009708737865;0.04095873786407767;0.008798543689320388;0.023361650485436893;0.0027305825242718447;0.04975728155339806;0.2958131067961165;0.21601941747572814;0.13228155339805825;0.19144417475728157;0.06401699029126214;0.015776699029126214;0.03125;0.0;0.0;0.0;0.0;0.0;0.0;0.003944174757281553;0.5112257281553398;0.4535800970873786;0.03125;0.0;0.0;0.0;0.0;0.0;0.0;0.0;0.009101941747572815;0.9596480582524272;0.966626213592233;0.00212378640776699;0.0;0.0;0.0;0.0;0.0;0.0;0.0;0.03125;0.6213592233009708;0.3473907766990291;0.0;0.0;0.0;0.0;0.0;0.0;0.0;0.03125;0.009708737864077669;0.0;0.0;0.0;0.0;0.06128640776699029;0.25697815533980584;0.24575242718446602;0.3137135922330097;0.11256067961165049;0.009708737864077669;0.0;0.0;0.0;0.0;0.042779126213592235;0.3161407766990291;0.2949029126213592;0.27093446601941745;0.06553398058252427;0.18992718446601942;0.2487864077669903;0.24362864077669902;0.14563106796116504;0.1395631067961165;0.02275485436893204;0.0;0.0;0.0;0.009708737864077669;0.7078276699029126;0.2824635922330097;0.0;0.0;0.0;0.0;0.0;0.0;0.0;0.009708737864077669;0.009708737864077669;0.0;0.0;0.0;0.0;0.0;0.4563106796116505;0.2970266990291262;0.1395631067961165;0.09739077669902912;0.009708737864077669;0.0;0.0;0.0;0.0;0.0;0.4526699029126214;0.3161407766990291;0.13228155339805825;0.0891990291262136;0.6389563106796117;0.15018203883495146;0.1204490291262136;0.07736650485436893;0.003337378640776699;0.0;0.0;0.0;0.0;0.009708737864077669;0.908373786407767;0.08191747572815535;0.0;0.0;0.0;0.0;0.0;0.0;0.0;0.009708737864077669;0.040655339805825245;0.0;0.0;0.0;0.0;0.0;0.3143203883495146;0.597997572815534;0.033677184466019416;0.013349514563106795;0.040655339805825245;0.0;0.0;0.0;0.0;0.0;0.1404733009708738;0.7721480582524272;0.03216019417475728;0.014563106796116505;0.8725728155339806;0.06735436893203883;0.01820388349514563;0.0012135922330097086;0.0;0.0;0.0;0.0;0.0;0.040655339805825245;0.9426577669902912;0.016686893203883495;0.0;0.0;0.0;0.0;0.0;0.0;0.0;0.040655339805825245;1
0.04641089108910891;0.10674504950495049;0.13985148514851486;0.12840346534653466;0.1844059405940594;0.16181930693069307;0.08044554455445545;0.05971534653465346;0.054764851485148515;0.03743811881188119;0.04826732673267327;0.2376237623762376;0.13025990099009901;0.20327970297029702;0.15129950495049505;0.07704207920792079;0.056002475247524754;0.04888613861386139;0.03650990099009901;0.010829207920792078;0.15439356435643564;0.20699257425742573;0.1751237623762376;0.10952970297029703;0.1342821782178218;0.0739480198019802;0.04610148514851485;0.04176980198019802;0.043007425742574254;0.01485148514851485;0.018873762376237623;0.029393564356435642;0.022277227722772276;0.13056930693069307;0.0708539603960396;0.1890470297029703;0.23669554455445543;0.24443069306930693;0.04176980198019802;0.01608910891089109;0.018873762376237623;0.043316831683168314;0.04455445544554455;0.2172029702970297;0.28929455445544555;0.2088490099009901;0.14201732673267325;0.02629950495049505;0.004641089108910891;0.0049504950495049506;0.024133663366336634;0.04486386138613861;0.20142326732673269;0.2286509900990099;0.1342821782178218;0.22246287128712872;0.12561881188118812;0.010829207920792078;0.0049504950495049506;0.0027846534653465345;0.0027846534653465345;0.04610148514851485;0.07332920792079207;0.20668316831683167;0.16955445544554457;0.18533415841584158;0.2311262376237624;0.07487623762376237;0.004022277227722772;0.006188118811881188;0.0027846534653465345;0.026918316831683168;0.04950495049504951;0.2385519801980198;0.1729579207920792;0.13521039603960397;0.26701732673267325;0.07611386138613861;0.01639851485148515;0.014542079207920793;0.03125;0.0;0.0;0.0;0.0;0.0;0.0;0.0;0.25154702970297027;0.7172029702970297;0.03125;0.0;0.0;0.0;0.0;0.0;0.0;0.0;0.0009282178217821782;0.9678217821782178;0.96875;0.0;0.0;0.0;0.0;0.0;0.0;0.0;0.0;0.03125;0.7159653465346535;0.2527846534653465;0.0;0.0;0.0;0.0;0.0;0.0;0.0;0.03125;0.009900990099009901;0.0;0.0;0.0;0.0;0.03186881188118812;0.26175742574257427;0.2088490099009901;0.35179455445544555;0.1358292079207921;0.009900990099009901;0.0;0.0;0.0;0.0;0.018254950495049504;0.2979579207920792;0.2948638613861386;0.27722772277227725;0.10179455445544554;0.15377475247524752;0.24133663366336633;0.23886138613861385;0.15563118811881188;0.15408415841584158;0.04641089108910891;0.0;0.0;0.0;0.009900990099009901;0.7400990099009901;0.25;0.0;0.0;0.0;0.0;0.0;0.0;0.0;0.009900990099009901;0.009900990099009901;0.0;0.0;0.0;0.0;0.0;0.42419554455445546;0.275990099009901;0.17636138613861385;0.1135519801980198;0.009900990099009901;0.0;0.0;0.0;0.0;0.0;0.45823019801980197;0.2688737623762376;0.16676980198019803;0.09622524752475248;0.5430074257425742;0.19152227722772278;0.14108910891089108;0.09189356435643564;0.022586633663366336;0.0;0.0;0.0;0.0;0.009900990099009901;0.5297029702970297;0.4603960396039604;0.0;0.0;0.0;0.0;0.0;0.0;0.0;0.009900990099009901;0.04084158415841584;0.0;0.0;0.0;0.0;0.0024752475247524753;0.44801980198019803;0.45761138613861385;0.03186881188118812;0.019183168316831683;0.04084158415841584;0.0;0.0;0.0;0.0;0.0;0.34375;0.5609529702970297;0.03248762376237624;0.021967821782178217;0.8561262376237624;0.06930693069306931;0.028774752475247526;0.0049504950495049506;0.0;0.0;0.0;0.0;0.0;0.04084158415841584;0.9396658415841584;0.019492574257425743;0.0;0.0;0.0;0.0;0.0;0.0;0.0;0.04084158415841584;1
0.09192961165048544;0.07554611650485436;0.11165048543689321;0.15928398058252427;0.16565533980582525;0.1383495145631068;0.09192961165048544;0.06158980582524272;0.06674757281553398;0.03731796116504854;0.09921116504854369;0.16777912621359223;0.1483616504854369;0.18476941747572814;0.12803398058252427;0.09617718446601942;0.03913834951456311;0.05036407766990291;0.054004854368932036;0.03216019417475728;0.09466019417475728;0.2287621359223301;0.19144417475728157;0.15989077669902912;0.09951456310679611;0.07008495145631068;0.045813106796116505;0.05218446601941747;0.05157766990291262;0.006067961165048544;0.00849514563106796;0.05157766990291262;0.03762135922330097;0.08222087378640777;0.07554611650485436;0.12257281553398058;0.1962985436893204;0.27154126213592233;0.11165048543689321;0.04247572815533981;0.02669902912621359;0.054915048543689324;0.24848300970873785;0.4274878640776699;0.11256067961165049;0.039745145631067964;0.03671116504854369;0.037924757281553395;0.009101941747572815;0.006371359223300971;0.09496359223300971;0.36771844660194175;0.3492111650485437;0.06553398058252427;0.031856796116504854;0.03125;0.038834951456310676;0.010012135922330098;0.0051577669902912624;0.0054611650485436895;0.050970873786407765;0.2682038834951456;0.3804611650485437;0.17657766990291263;0.03519417475728155;0.03822815533980582;0.028519417475728157;0.013652912621359222;0.0036407766990291263;0.0045509708737864075;0.0048543689320388345;0.009708737864077669;0.02669902912621359;0.0;0.08070388349514564;0.3892597087378641;0.12469660194174757;0.2679004854368932;0.06037621359223301;0.035800970873786406;0.03125;0.0;0.0;0.0;0.0;0.0;0.0;0.0;0.2933859223300971;0.6753640776699029;0.03125;0.0;0.0;0.0;0.0;0.0;0.0;0.0;0.0027305825242718447;0.9660194174757282;0.96875;0.0;0.0;0.0;0.0;0.0;0.0;0.0;0.0;0.03125;0.7333131067961165;0.2354368932038835;0.0;0.0;0.0;0.0;0.0;0.0;0.0;0.03125;0.009708737864077669;0.0;0.0;0.0;0.0;0.1383495145631068;0.19387135922330098;0.24484223300970873;0.3003640776699029;0.11286407766990292;0.009708737864077669;0.0;0.0;0.0;0.0;0.1316747572815534;0.2466626213592233;0.26061893203883496;0.23513349514563106;0.11620145631067962;0.1875;0.17263349514563106;0.21419902912621358;0.1350121359223301;0.14987864077669902;0.10922330097087378;0.021844660194174758;0.0;0.0;0.009708737864077669;0.8164441747572816;0.17384708737864077;0.0;0.0;0.0;0.0;0.0;0.0;0.0;0.009708737864077669;0.009708737864077669;0.0;0.0;0.0;0.0;0.0048543689320388345;0.41140776699029125;0.24302184466019416;0.18810679611650485;0.1429004854368932;0.009708737864077669;0.0;0.0;0.0;0.0;0.0;0.439623786407767;0.23179611650485438;0.17930825242718446;0.1395631067961165;0.41262135922330095;0.2354368932038835;0.1495752427184466;0.1262135922330097;0.06644417475728155;0.0;0.0;0.0;0.0;0.009708737864077669;0.4341626213592233;0.556128640776699;0.0;0.0;0.0;0.0;0.0;0.0;0.0;0.009708737864077669;0.040655339805825245;0.0;0.0;0.0;0.0;0.009101941747572815;0.6331917475728155;0.21389563106796117;0.054915048543689324;0.04824029126213592;0.040655339805825245;0.0;0.0;0.0;0.0;0.0;0.5330703883495146;0.3158373786407767;0.051881067961165046;0.05855582524271845;0.7688106796116505;0.09587378640776699;0.051881067961165046;0.042779126213592235;0.0;0.0;0.0;0.0;0.0;0.040655339805825245;0.9569174757281553;0.0024271844660194173;0.0;0.0;0.0;0.0;0.0;0.0;0.0;0.040655339805825245;1
0.32878989361702127;0.14128989361702127;0.07779255319148937;0.08710106382978723;0.07014627659574468;0.08377659574468085;0.06216755319148936;0.0834441489361702;0.03922872340425532;0.026263297872340427;0.355718085106383;0.1692154255319149;0.10671542553191489;0.0851063829787234;0.07214095744680851;0.05319148936170213;0.06083776595744681;0.05784574468085106;0.014295212765957447;0.024933510638297872;0.39128989361702127;0.16988031914893617;0.11003989361702128;0.08111702127659574;0.061502659574468085;0.03856382978723404;0.06582446808510638;0.041555851063829786;0.01695478723404255;0.02327127659574468;0.006648936170212766;0.061170212765957445;0.2473404255319149;0.13530585106382978;0.05618351063829787;0.13164893617021275;0.12566489361702127;0.15059840425531915;0.06615691489361702;0.01928191489361702;0.013962765957446808;0.07912234042553191;0.23636968085106383;0.12466755319148937;0.12632978723404256;0.17652925531914893;0.11702127659574468;0.052526595744680854;0.04720744680851064;0.026263297872340427;0.08909574468085106;0.23803191489361702;0.11735372340425532;0.11868351063829788;0.1595744680851064;0.11336436170212766;0.07347074468085106;0.025930851063829786;0.04022606382978723;0.024268617021276594;0.09773936170212766;0.28424202127659576;0.1146941489361702;0.11702127659574468;0.15159574468085107;0.09840425531914894;0.05186170212765957;0.02726063829787234;0.03291223404255319;0.024268617021276594;0.0026595744680851063;0.0013297872340425532;0.018617021276595744;0.041555851063829786;0.21243351063829788;0.13198138297872342;0.19780585106382978;0.25033244680851063;0.1293218085106383;0.013962765957446808;0.03125;0.0;0.0;0.0;0.0;0.0;0.0;0.0;0.14361702127659576;0.8251329787234043;0.03125;0.0;0.0;0.0;0.0;0.0;0.0;0.0;0.2855718085106383;0.6831781914893617;0.9235372340425532;0.04521276595744681;0.0;0.0;0.0;0.0;0.0;0.0;0.0;0.03125;0.8843085106382979;0.08444148936170212;0.0;0.0;0.0;0.0;0.0;0.0;0.0;0.03125;0.010638297872340425;0.0;0.0;0.0;0.0;0.2144281914893617;0.2283909574468085;0.20511968085106383;0.23138297872340424;0.11003989361702128;0.010638297872340425;0.0;0.0;0.0;0.0;0.27194148936170215;0.28058510638297873;0.125;0.1988031914893617;0.11303191489361702;0.28424202127659576;0.23304521276595744;0.07579787234042554;0.09009308510638298;0.13530585106382978;0.13031914893617022;0.04055851063829787;0.0;0.0;0.010638297872340425;0.7898936170212766;0.19946808510638298;0.0;0.0;0.0;0.0;0.0;0.0;0.0;0.010638297872340425;0.010638297872340425;0.0;0.0;0.0;0.0;0.0;0.23636968085106383;0.2543218085106383;0.2878989361702128;0.21077127659574468;0.010638297872340425;0.0;0.0;0.0;0.0;0.0;0.2802526595744681;0.2682845744680851;0.296875;0.1439494680851064;0.22639627659574468;0.2553191489361702;0.2709441489361702;0.15392287234042554;0.08244680851063829;0.0003324468085106383;0.0;0.0;0.0;0.010638297872340425;0.40591755319148937;0.5834441489361702;0.0;0.0;0.0;0.0;0.0;0.0;0.0;0.010638297872340425;0.041555851063829786;0.0;0.0;0.0;0.0;0.0;0.1908244680851064;0.5664893617021277;0.11735372340425532;0.08377659574468085;0.041555851063829786;0.0;0.0;0.0;0.0;0.0;0.07413563829787234;0.6914893617021277;0.12067819148936171;0.07214095744680851;0.6901595744680851;0.16522606382978725;0.09707446808510638;0.005984042553191489;0.0;0.0;0.0;0.0;0.0;0.041555851063829786;0.864029255319149;0.09441489361702128;0.0;0.0;0.0;0.0;0.0;0.0;0.0;0.041555851063829786;1
0.24180825242718446;0.1720266990291262;0.07615291262135922;0.09496359223300971;0.09283980582524272;0.10709951456310679;0.06280339805825243;0.08404126213592233;0.045813106796116505;0.022451456310679612;0.30370145631067963;0.16262135922330098;0.1325849514563107;0.10922330097087378;0.08859223300970874;0.04733009708737864;0.045813106796116505;0.06826456310679611;0.01972087378640777;0.022148058252427185;0.2099514563106796;0.25879854368932037;0.13622572815533981;0.12773058252427186;0.07554611650485436;0.04004854368932039;0.05127427184466019;0.05976941747572816;0.018810679611650484;0.021844660194174758;0.006067961165048544;0.06462378640776699;0.16201456310679613;0.15018203883495146;0.07463592233009708;0.09587378640776699;0.15321601941747573;0.11407766990291263;0.10952669902912622;0.06978155339805825;0.029733009708737865;0.15169902912621358;0.18567961165048544;0.13774271844660194;0.09799757281553398;0.14805825242718446;0.12196601941747573;0.060072815533980584;0.041868932038834954;0.025182038834951456;0.055825242718446605;0.22148058252427186;0.14593446601941748;0.1395631067961165;0.09921116504854369;0.13137135922330098;0.11438106796116505;0.028822815533980584;0.04004854368932039;0.023361650485436893;0.06492718446601942;0.2242111650485437;0.1741504854368932;0.1104368932038835;0.1259101941747573;0.10740291262135922;0.10133495145631068;0.03762135922330097;0.03337378640776699;0.02063106796116505;0.006067961165048544;0.007281553398058253;0.04733009708737864;0.09010922330097088;0.154126213592233;0.19811893203883496;0.17263349514563106;0.19053398058252427;0.11256067961165049;0.021237864077669904;0.03125;0.0;0.0;0.0;0.0;0.0;0.0;0.0;0.18294902912621358;0.7858009708737864;0.03125;0.0;0.0;0.0;0.0;0.0;0.0;0.0;0.347997572815534;0.620752427184466;0.8810679611650486;0.08768203883495146;0.0;0.0;0.0;0.0;0.0;0.0;0.0;0.03125;0.7518203883495146;0.21692961165048544;0.0;0.0;0.0;0.0;0.0;0.0;0.0;0.03125;0.009708737864077669;0.0;0.0;0.0;0.0;0.2008495145631068;0.20661407766990292;0.16838592233009708;0.24757281553398058;0.16686893203883496;0.009708737864077669;0.0;0.0;0.0;0.0;0.25606796116504854;0.21601941747572814;0.13197815533980584;0.2421116504854369;0.14411407766990292;0.22299757281553398;0.19720873786407767;0.06826456310679611;0.09405339805825243;0.10376213592233009;0.17627427184466019;0.10315533980582524;0.0245752427184466;0.0;0.009708737864077669;0.8015776699029126;0.1887135922330097;0.0;0.0;0.0;0.0;0.0;0.0;0.0;0.009708737864077669;0.009708737864077669;0.0;0.0;0.0;0.0;0.04611650485436893;0.2648665048543689;0.2554611650485437;0.3131067961165049;0.11074029126213593;0.009708737864077669;0.0;0.0;0.0;0.0;0.010922330097087379;0.3112864077669903;0.30521844660194175;0.27396844660194175;0.08889563106796117;0.17900485436893204;0.23270631067961164;0.23179611650485438;0.14927184466019416;0.16262135922330098;0.034890776699029125;0.0;0.0;0.0;0.009708737864077669;0.7275485436893204;0.26274271844660196;0.0;0.0;0.0;0.0;0.0;0.0;0.0;0.009708737864077669;0.040655339805825245;0.0;0.0;0.0;0.0;0.0;0.43052184466019416;0.2848907766990291;0.1325849514563107;0.11134708737864078;0.040655339805825245;0.0;0.0;0.0;0.0;0.0;0.42475728155339804;0.3058252427184466;0.13076456310679613;0.09799757281553398;0.5075849514563107;0.2196601941747573;0.11680825242718447;0.09253640776699029;0.02275485436893204;0.0;0.0;0.0;0.0;0.040655339805825245;0.6881067961165048;0.2712378640776699;0.0;0.0;0.0;0.0;0.0;0.0;0.0;0.040655339805825245;1
0.28400735294117646;0.2028186274509804;0.07506127450980392;0.05943627450980392;0.06219362745098039;0.0778186274509804;0.07169117647058823;0.08333333333333333;0.05422794117647059;0.029411764705882353;0.4172794117647059;0.13204656862745098;0.0744485294117647;0.07107843137254902;0.08455882352941177;0.04258578431372549;0.04993872549019608;0.06495098039215687;0.02849264705882353;0.03462009803921569;0.4172794117647059;0.14491421568627452;0.08455882352941177;0.09436274509803921;0.061274509803921566;0.040747549019607844;0.047487745098039214;0.053002450980392156;0.02267156862745098;0.03370098039215686;0.029411764705882353;0.07628676470588236;0.19883578431372548;0.16513480392156862;0.07291666666666667;0.12806372549019607;0.11274509803921569;0.08394607843137254;0.1017156862745098;0.030943627450980393;0.01685049019607843;0.12622549019607843;0.12867647058823528;0.13909313725490197;0.15716911764705882;0.18872549019607843;0.12990196078431374;0.05361519607843137;0.037377450980392156;0.022365196078431373;0.03155637254901961;0.19178921568627452;0.17371323529411764;0.13725490196078433;0.16482843137254902;0.15747549019607843;0.05269607843137255;0.037377450980392156;0.03278186274509804;0.020526960784313725;0.028186274509803922;0.17524509803921567;0.19025735294117646;0.14981617647058823;0.19454656862745098;0.1256127450980392;0.04718137254901961;0.03216911764705882;0.03676470588235294;0.02022058823529412;0.010416666666666666;0.026041666666666668;0.07935049019607843;0.09466911764705882;0.17677696078431374;0.18964460784313725;0.27236519607843135;0.08946078431372549;0.04013480392156863;0.021139705882352942;0.03125;0.0;0.0;0.0;0.0;0.0;0.0;0.0;0.14399509803921567;0.8247549019607843;0.03125;0.0;0.0;0.0;0.0;0.0;0.0;0.0;0.3017769607843137;0.6669730392156863;0.7794117647058824;0.18933823529411764;0.0;0.0;0.0;0.0;0.0;0.0;0.0;0.03125;0.8088235294117647;0.15992647058823528;0.0;0.0;0.0;0.0;0.0;0.0;0.0;0.03125;0.00980392156862745;0.0;0.0;0.0;0.0;0.19148284313725492;0.19699754901960784;0.19362745098039216;0.23161764705882354;0.17647058823529413;0.00980392156862745;0.0;0.0;0.0;0.0;0.24111519607843138;0.21446078431372548;0.13786764705882354;0.23008578431372548;0.16666666666666666;0.20098039215686275;0.2028186274509804;0.05943627450980392;0.08057598039215687;0.09957107843137254;0.15900735294117646;0.13511029411764705;0.05269607843137255;0.0;0.00980392156862745;0.78125;0.20894607843137256;0.0;0.0;0.0;0.0;0.0;0.0;0.0;0.00980392156862745;0.00980392156862745;0.0;0.0;0.0;0.0;0.037377450980392156;0.24509803921568626;0.22947303921568626;0.35079656862745096;0.12745098039215685;0.00980392156862745;0.0;0.0;0.0;0.0;0.011642156862745098;0.3011642156862745;0.2647058823529412;0.2858455882352941;0.12683823529411764;0.08486519607843138;0.25704656862745096;0.2193627450980392;0.17095588235294118;0.18658088235294118;0.06740196078431372;0.003982843137254902;0.0;0.0;0.00980392156862745;0.3743872549019608;0.6158088235294118;0.0;0.0;0.0;0.0;0.0;0.0;0.0;0.00980392156862745;0.040747549019607844;0.0;0.0;0.0;0.0;0.0;0.40410539215686275;0.26256127450980393;0.17493872549019607;0.11764705882352941;0.040747549019607844;0.0;0.0;0.0;0.0;0.0;0.3710171568627451;0.3134191176470588;0.1488970588235294;0.12591911764705882;0.5196078431372549;0.16973039215686275;0.13725490196078433;0.10416666666666667;0.02849264705882353;0.0;0.0;0.0;0.0;0.040747549019607844;0.5508578431372549;0.40839460784313725;0.0;0.0;0.0;0.0;0.0;0.0;0.0;0.040747549019607844;1
0.21153846153846154;0.3055889423076923;0.0673076923076923;0.04657451923076923;0.052884615384615384;0.08052884615384616;0.0673076923076923;0.08413461538461539;0.052584134615384616;0.03155048076923077;0.44591346153846156;0.1346153846153846;0.042067307692307696;0.06971153846153846;0.08263221153846154;0.04567307692307692;0.05438701923076923;0.059495192307692304;0.030048076923076924;0.03545673076923077;0.48768028846153844;0.1024639423076923;0.05438701923076923;0.08563701923076923;0.0625;0.04296875;0.045973557692307696;0.052884615384615384;0.025240384615384616;0.04026442307692308;0.03485576923076923;0.08563701923076923;0.265625;0.15865384615384615;0.047475961538461536;0.13972355769230768;0.08653846153846154;0.09525240384615384;0.07451923076923077;0.01171875;0.08623798076923077;0.08473557692307693;0.10817307692307693;0.1328125;0.140625;0.19981971153846154;0.13972355769230768;0.048978365384615384;0.02794471153846154;0.030949519230769232;0.13431490384615385;0.15114182692307693;0.11388221153846154;0.1814903846153846;0.17578125;0.10787259615384616;0.05198317307692308;0.03756009615384615;0.030048076923076924;0.015925480769230768;0.07602163461538461;0.14573317307692307;0.1736778846153846;0.15715144230769232;0.18840144230769232;0.09314903846153846;0.07992788461538461;0.024939903846153848;0.028245192307692308;0.03275240384615385;0.008413461538461538;0.013822115384615384;0.07992788461538461;0.057992788461538464;0.17487980769230768;0.25991586538461536;0.24879807692307693;0.09344951923076923;0.04807692307692308;0.014723557692307692;0.03125;0.0;0.0;0.0;0.0;0.0;0.0;0.01622596153846154;0.7782451923076923;0.17427884615384615;0.03125;0.0;0.0;0.0;0.0;0.0;0.0;0.0;0.5096153846153846;0.45913461538461536;0.796875;0.171875;0.0;0.0;0.0;0.0;0.0;0.0;0.0;0.03125;0.8873197115384616;0.08143028846153846;0.0;0.0;0.0;0.0;0.0;0.0;0.0;0.03125;0.009615384615384616;0.0;0.0;0.0;0.004807692307692308;0.19471153846153846;0.1814903846153846;0.21544471153846154;0.20372596153846154;0.19020432692307693;0.009615384615384616;0.0;0.0;0.0;0.0021033653846153845;0.2503004807692308;0.18299278846153846;0.16075721153846154;0.21544471153846154;0.17878605769230768;0.17998798076923078;0.16286057692307693;0.08323317307692307;0.06760817307692307;0.11087740384615384;0.14813701923076922;0.14362980769230768;0.08413461538461539;0.009915865384615384;0.009615384615384616;0.8016826923076923;0.18870192307692307;0.0;0.0;0.0;0.0;0.0;0.0;0.0;0.009615384615384616;0.009615384615384616;0.0;0.0;0.0;0.0;0.05618990384615385;0.21814903846153846;0.21784855769230768;0.3557692307692308;0.1424278846153846;0.009615384615384616;0.0;0.0;0.0;0.0;0.04567307692307692;0.2809495192307692;0.24368990384615385;0.3073918269230769;0.11268028846153846;0.14783653846153846;0.2052283653846154;0.1814903846153846;0.171875;0.1796875;0.08924278846153846;0.015024038461538462;0.0;0.0;0.009615384615384616;0.6971153846153846;0.2932692307692308;0.0;0.0;0.0;0.0;0.0;0.0;0.0;0.009615384615384616;0.04056490384615385;0.0;0.0;0.0;0.0;0.0;0.39993990384615385;0.23197115384615385;0.18269230769230768;0.14483173076923078;0.04056490384615385;0.0;0.0;0.0;0.0;0.0;0.4378004807692308;0.2010216346153846;0.17608173076923078;0.14453125;0.4059495192307692;0.21634615384615385;0.14332932692307693;0.09344951923076923;0.10036057692307693;0.0;0.0;0.0;0.0;0.04056490384615385;0.5015024038461539;0.4579326923076923;0.0;0.0;0.0;0.0;0.0;0.0;0.0;0.04056490384615385;1
0.47572815533980584;0.12226941747572816;0.03125;0.016686893203883495;0.06887135922330097;0.08161407766990292;0.05430825242718446;0.05430825242718446;0.060072815533980584;0.034890776699029125;0.5370145631067961;0.08980582524271845;0.05157766990291262;0.04824029126213592;0.08222087378640777;0.04095873786407767;0.03944174757281554;0.050060679611650484;0.03307038834951456;0.027609223300970875;0.03519417475728155;0.5324635922330098;0.09678398058252427;0.04338592233009709;0.08677184466019418;0.04520631067961165;0.03822815533980582;0.046723300970873786;0.04095873786407767;0.03428398058252427;0.0036407766990291263;0.0825242718446602;0.3434466019417476;0.13804611650485438;0.0625;0.06553398058252427;0.12014563106796117;0.15200242718446602;0.03125;0.0009101941747572816;0.02912621359223301;0.08100728155339806;0.1004247572815534;0.11286407766990292;0.12955097087378642;0.14502427184466019;0.1820388349514563;0.10254854368932038;0.05946601941747573;0.057949029126213594;0.03307038834951456;0.1337985436893204;0.15169902912621358;0.1650485436893204;0.14259708737864077;0.17324029126213591;0.08859223300970874;0.03944174757281554;0.053094660194174755;0.019417475728155338;0.04945388349514563;0.1262135922330097;0.18143203883495146;0.19478155339805825;0.17536407766990292;0.11165048543689321;0.06037621359223301;0.047936893203883495;0.050970873786407765;0.0018203883495145632;0.0036407766990291263;0.03033980582524272;0.05036407766990291;0.11802184466019418;0.12257281553398058;0.16686893203883496;0.30491504854368934;0.1641383495145631;0.031856796116504854;0.007281553398058253;0.03125;0.0;0.0;0.0;0.0;0.0;0.027609223300970875;0.8173543689320388;0.11225728155339806;0.011529126213592233;0.03125;0.0;0.0;0.0;0.0;0.0;0.0;0.5634101941747572;0.38379854368932037;0.02154126213592233;0.6459344660194175;0.2994538834951456;0.023058252427184466;0.00030339805825242716;0.0;0.0;0.0;0.0;0.0;0.03125;0.9262742718446602;0.04247572815533981;0.0;0.0;0.0;0.0;0.0;0.0;0.0;0.03125;0.009708737864077669;0.0;0.0;0.0;0.00758495145631068;0.1799150485436893;0.15382281553398058;0.2333131067961165;0.18021844660194175;0.2354368932038835;0.009708737864077669;0.0;0.0;0.0;0.0;0.22815533980582525;0.16444174757281554;0.18507281553398058;0.1708131067961165;0.24180825242718446;0.17779126213592233;0.15473300970873785;0.06037621359223301;0.07584951456310679;0.12439320388349515;0.11589805825242719;0.14016990291262135;0.1216626213592233;0.019417475728155338;0.009708737864077669;0.7715412621359223;0.20358009708737865;0.01516990291262136;0.0;0.0;0.0;0.0;0.0;0.0;0.009708737864077669;0.009708737864077669;0.0;0.0;0.0;0.0;0.11134708737864078;0.18598300970873785;0.18689320388349515;0.3443567961165049;0.1617111650485437;0.009708737864077669;0.0;0.0;0.0;0.0;0.09921116504854369;0.220873786407767;0.22694174757281554;0.29854368932038833;0.14472087378640777;0.11680825242718447;0.16080097087378642;0.18355582524271843;0.16140776699029127;0.17718446601941748;0.13652912621359223;0.05370145631067961;0.00030339805825242716;0.0;0.009708737864077669;0.7518203883495146;0.23847087378640777;0.0;0.0;0.0;0.0;0.0;0.0;0.0;0.009708737864077669;0.040655339805825245;0.0;0.0;0.0;0.0;0.001516990291262136;0.35285194174757284;0.23088592233009708;0.19690533980582525;0.17718446601941748;0.040655339805825245;0.0;0.0;0.0;0.0;0.0;0.4108009708737864;0.20904126213592233;0.1799150485436893;0.1595873786407767;0.3619538834951456;0.2099514563106796;0.15018203883495146;0.10649271844660194;0.12742718446601942;0.003337378640776699;0.0;0.0;0.0;0.040655339805825245;0.8334344660194175;0.1259101941747573;0.0;0.0;0.0;0.0;0.0;0.0;0.0;0.040655339805825245;1
0.24659653465346534;0.35117574257425743;0.026608910891089108;0.03403465346534654;0.08972772277227722;0.06652227722772278;0.06961633663366337;0.039913366336633664;0.04424504950495049;0.03155940594059406;0.5745668316831684;0.07363861386138613;0.10179455445544554;0.05724009900990099;0.05136138613861386;0.038985148514851485;0.0297029702970297;0.03372524752475248;0.02073019801980198;0.018254950495049504;0.12995049504950495;0.4944306930693069;0.11231435643564357;0.055693069306930694;0.06126237623762376;0.04176980198019802;0.026608910891089108;0.03248762376237624;0.021967821782178217;0.023514851485148515;0.024752475247524754;0.1379950495049505;0.2896039603960396;0.12716584158415842;0.027227722772277228;0.04672029702970297;0.05693069306930693;0.14449257425742573;0.14047029702970298;0.004641089108910891;0.08168316831683169;0.09405940594059406;0.11571782178217822;0.10241336633663366;0.11726485148514851;0.12840346534653466;0.1655321782178218;0.07301980198019802;0.07487623762376237;0.04702970297029703;0.12469059405940594;0.13521039603960397;0.13025990099009901;0.17543316831683167;0.15686881188118812;0.11571782178217822;0.04950495049504951;0.05290841584158416;0.04672029702970297;0.012685643564356437;0.12004950495049505;0.14758663366336633;0.17357673267326731;0.18842821782178218;0.12933168316831684;0.09127475247524752;0.039603960396039604;0.07797029702970297;0.029393564356435642;0.0027846534653465345;0.0012376237623762376;0.06497524752475248;0.08323019801980198;0.09870049504950495;0.08941831683168316;0.16027227722772278;0.29300742574257427;0.16367574257425743;0.038056930693069306;0.007425742574257425;0.03125;0.0;0.0;0.0;0.0;0.0;0.06930693069306931;0.681930693069307;0.1630569306930693;0.054455445544554455;0.03125;0.0;0.0;0.0;0.0;0.0;0.0;0.562190594059406;0.3245668316831683;0.08199257425742575;0.6386138613861386;0.24288366336633663;0.08725247524752475;0.0;0.0;0.0;0.0;0.0;0.0;0.03125;0.8477722772277227;0.12097772277227722;0.0;0.0;0.0;0.0;0.0;0.0;0.0;0.03125;0.009900990099009901;0.0;0.0;0.0;0.04548267326732673;0.2042079207920792;0.11943069306930693;0.2620668316831683;0.14882425742574257;0.21008663366336633;0.009900990099009901;0.0;0.0;0.0;0.028774752475247526;0.24659653465346534;0.14665841584158415;0.2119430693069307;0.15253712871287128;0.20358910891089108;0.20606435643564355;0.10117574257425743;0.09189356435643564;0.07827970297029703;0.15191831683168316;0.08818069306930693;0.1395420792079208;0.11540841584158416;0.017636138613861384;0.009900990099009901;0.8270420792079208;0.16058168316831684;0.0024752475247524753;0.0;0.0;0.0;0.0;0.0;0.0;0.009900990099009901;0.009900990099009901;0.0;0.0;0.0;0.0;0.14016089108910892;0.18038366336633663;0.16058168316831684;0.30198019801980197;0.20699257425742573;0.009900990099009901;0.0;0.0;0.0;0.0;0.15377475247524752;0.2119430693069307;0.19337871287128713;0.2629950495049505;0.16800742574257427;0.1531559405940594;0.1639851485148515;0.12871287128712872;0.1500618811881188;0.1469678217821782;0.17636138613861385;0.0671410891089109;0.0037128712871287127;0.0;0.009900990099009901;0.7679455445544554;0.22215346534653466;0.0;0.0;0.0;0.0;0.0;0.0;0.0;0.009900990099009901;0.04084158415841584;0.0;0.0;0.0;0.0;0.021967821782178217;0.3060024752475248;0.22431930693069307;0.2561881188118812;0.15068069306930693;0.04084158415841584;0.0;0.0;0.0;0.0;0.0;0.3530321782178218;0.26330445544554454;0.22277227722772278;0.12004950495049505;0.2877475247524752;0.2218440594059406;0.17141089108910892;0.11819306930693069;0.14975247524752475;0.01021039603960396;0.0;0.0;0.0;0.04084158415841584;0.7951732673267327;0.1639851485148515;0.0;0.0;0.0;0.0;0.0;0.0;0.0;0.04084158415841584;1
0.4375;0.14411407766990292;0.023968446601941747;0.05855582524271845;0.10527912621359223;0.07220873786407767;0.04763349514563107;0.03822815533980582;0.041868932038834954;0.030643203883495146;0.5600728155339806;0.07311893203883495;0.11347087378640777;0.05703883495145631;0.05552184466019418;0.0345873786407767;0.027912621359223302;0.030643203883495146;0.02487864077669903;0.02275485436893204;0.4475121359223301;0.17718446601941748;0.11741504854368932;0.05703883495145631;0.05643203883495146;0.03033980582524272;0.028519417475728157;0.030946601941747573;0.02275485436893204;0.031856796116504854;0.023058252427184466;0.11347087378640777;0.21571601941747573;0.17445388349514562;0.047026699029126214;0.034890776699029125;0.08131067961165049;0.10679611650485436;0.1774878640776699;0.02578883495145631;0.10467233009708737;0.11165048543689321;0.10709951456310679;0.08677184466019418;0.11347087378640777;0.1462378640776699;0.1474514563106796;0.07220873786407767;0.08161407766990292;0.028822815533980584;0.125;0.15169902912621358;0.14532766990291263;0.16686893203883496;0.15169902912621358;0.10618932038834951;0.043689320388349516;0.07675970873786407;0.027912621359223302;0.0048543689320388345;0.13652912621359223;0.14138349514563106;0.1595873786407767;0.18598300970873785;0.15382281553398058;0.07433252427184465;0.03913834951456311;0.07281553398058252;0.03033980582524272;0.006067961165048544;0.01516990291262136;0.04247572815533981;0.11347087378640777;0.13319174757281554;0.10709951456310679;0.1662621359223301;0.30855582524271846;0.08191747572815535;0.024271844660194174;0.00758495145631068;0.03125;0.0;0.0;0.0;0.0;0.0;0.13804611650485438;0.5461165048543689;0.20661407766990292;0.07797330097087378;0.03125;0.0;0.0;0.0;0.0;0.0;0.0;0.6210558252427184;0.2536407766990291;0.09405339805825243;0.5837378640776699;0.2600121359223301;0.12439320388349515;0.0006067961165048543;0.0;0.0;0.0;0.0;0.0;0.03125;0.8261529126213593;0.14259708737864077;0.0;0.0;0.0;0.0;0.0;0.0;0.0;0.03125;0.009708737864077669;0.0;0.0;0.0;0.06219660194174757;0.2032766990291262;0.09860436893203883;0.2836771844660194;0.13197815533980584;0.21055825242718446;0.009708737864077669;0.0;0.0;0.0;0.012439320388349514;0.27305825242718446;0.12985436893203883;0.2254247572815534;0.13561893203883496;0.21389563106796117;0.23391990291262135;0.08009708737864078;0.08343446601941748;0.08768203883495146;0.15928398058252427;0.07584951456310679;0.1337985436893204;0.11468446601941748;0.02154126213592233;0.009708737864077669;0.8449635922330098;0.1429004854368932;0.0024271844660194173;0.0;0.0;0.0;0.0;0.0;0.0;0.009708737864077669;0.009708737864077669;0.0;0.0;0.0;0.0;0.1486650485436893;0.18932038834951456;0.1483616504854369;0.3143203883495146;0.189623786407767;0.009708737864077669;0.0;0.0;0.0;0.0;0.16262135922330098;0.21268203883495146;0.15473300970873785;0.2624393203883495;0.19781553398058252;0.16656553398058252;0.16838592233009708;0.09496359223300971;0.12530339805825244;0.1474514563106796;0.18446601941747573;0.0904126213592233;0.012742718446601941;0.0;0.009708737864077669;0.7773058252427184;0.21237864077669902;0.0006067961165048543;0.0;0.0;0.0;0.0;0.0;0.0;0.009708737864077669;0.040655339805825245;0.0;0.0;0.0;0.0;0.026395631067961164;0.279126213592233;0.20904126213592233;0.2797330097087379;0.1650485436893204;0.040655339805825245;0.0;0.0;0.0;0.0;0.0;0.3294902912621359;0.2642597087378641;0.2345266990291262;0.13106796116504854;0.2612257281553398;0.21692961165048544;0.17627427184466019;0.12864077669902912;0.15442961165048544;0.021844660194174758;0.0;0.0;0.0;0.040655339805825245;0.6868932038834952;0.27245145631067963;0.0;0.0;0.0;0.0;0.0;0.0;0.0;0.040655339805825245;1
0.245;0.2453125;0.0503125;0.135625;0.11125;0.0934375;0.0484375;0.0265625;0.033125;0.0109375;0.495;0.1084375;0.1775;0.075;0.0534375;0.0175;0.02125;0.0228125;0.02125;0.0078125;0.3025;0.2796875;0.196875;0.0834375;0.045625;0.01875;0.0190625;0.0259375;0.0184375;0.0096875;0.04625;0.165625;0.0828125;0.1784375;0.0246875;0.073125;0.1121875;0.131875;0.1634375;0.0215625;0.24125;0.1565625;0.08875;0.1;0.08;0.12625;0.0796875;0.073125;0.036875;0.0175;0.2125;0.19375;0.1190625;0.1415625;0.13125;0.053125;0.050625;0.0659375;0.01625;0.0159375;0.258125;0.17375;0.1396875;0.1503125;0.0984375;0.0390625;0.0384375;0.0696875;0.01625;0.01625;0.0025;0.11125;0.1621875;0.16125;0.0621875;0.1096875;0.2065625;0.128125;0.04625;0.01;0.03125;0.0;0.0;0.0;0.0;0.0;0.074375;0.43625;0.2846875;0.1734375;0.03125;0.0;0.0;0.0;0.0;0.0;0.0;0.4509375;0.315;0.2028125;0.4328125;0.315;0.215;0.0059375;0.0;0.0;0.0;0.0;0.0;0.03125;0.724375;0.244375;0.0;0.0;0.0;0.0;0.0;0.0;0.0;0.03125;0.01;0.0;0.0;0.0;0.1428125;0.2325;0.0946875;0.2975;0.08125;0.14125;0.01;0.0;0.0;0.0;0.039375;0.3475;0.10875;0.2678125;0.0821875;0.144375;0.314375;0.0834375;0.0634375;0.1046875;0.1896875;0.0553125;0.0834375;0.0778125;0.0178125;0.01;0.89375;0.09625;0.0;0.0;0.0;0.0;0.0;0.0;0.0;0.01;0.01;0.0;0.0;0.0;0.0;0.1653125;0.1890625;0.140625;0.263125;0.231875;0.01;0.0;0.0;0.0;0.0;0.2059375;0.2153125;0.089375;0.2640625;0.2153125;0.19125;0.193125;0.0575;0.0740625;0.1340625;0.191875;0.1203125;0.0278125;0.0;0.01;0.800625;0.18875;0.000625;0.0;0.0;0.0;0.0;0.0;0.0;0.01;0.0409375;0.0;0.0;0.0;0.0;0.0278125;0.2175;0.22;0.313125;0.180625;0.0409375;0.0;0.0;0.0;0.0;0.0;0.25375;0.269375;0.2915625;0.144375;0.2021875;0.1865625;0.214375;0.15375;0.175;0.0271875;0.0;0.0;0.0;0.0409375;0.6703125;0.28875;0.0;0.0;0.0;0.0;0.0;0.0;0.0;0.0409375;1
0.3603125;0.09875;0.06625;0.165625;0.1325;0.0859375;0.033125;0.0234375;0.0271875;0.006875;0.4434375;0.1484375;0.1996875;0.0809375;0.0503125;0.016875;0.01625;0.0253125;0.01375;0.005;0.38;0.18625;0.2265625;0.0890625;0.04125;0.01875;0.0178125;0.0234375;0.011875;0.005;0.02875;0.12375;0.0753125;0.18875;0.036875;0.0634375;0.13;0.1528125;0.173125;0.0271875;0.2634375;0.1525;0.095625;0.095;0.0765625;0.1109375;0.0765625;0.0759375;0.0334375;0.02;0.2771875;0.18375;0.0928125;0.1353125;0.1159375;0.0434375;0.0525;0.0575;0.0203125;0.02125;0.3196875;0.1434375;0.135625;0.144375;0.079375;0.0284375;0.05375;0.0528125;0.019375;0.023125;0.00625;0.06625;0.201875;0.1615625;0.0815625;0.114375;0.2003125;0.104375;0.0546875;0.00875;0.03125;0.0;0.0;0.0;0.0;0.0;0.0409375;0.4353125;0.2975;0.195;0.03125;0.0;0.0;0.0;0.0;0.0;0.0;0.4240625;0.318125;0.2265625;0.43125;0.323125;0.2090625;0.0053125;0.0;0.0;0.0;0.0;0.0;0.03125;0.69875;0.27;0.0;0.0;0.0;0.0;0.0;0.0;0.0;0.03125;0.01;0.0;0.0;0.0;0.15;0.264375;0.0840625;0.294375;0.075;0.1221875;0.01;0.0;0.0;0.0;0.041875;0.3821875;0.09625;0.2703125;0.0734375;0.1259375;0.324375;0.10375;0.0625;0.1003125;0.191875;0.04875;0.0721875;0.07;0.01625;0.01;0.9153125;0.0746875;0.0;0.0;0.0;0.0;0.0;0.0;0.0;0.01;0.01;0.0;0.0;0.0;0.0;0.1815625;0.1896875;0.1496875;0.2534375;0.215625;0.01;0.0;0.0;0.0;0.0;0.22875;0.2196875;0.0878125;0.2775;0.17625;0.2040625;0.200625;0.0525;0.0678125;0.114375;0.17625;0.149375;0.025;0.0;0.01;0.78;0.21;0.0;0.0;0.0;0.0;0.0;0.0;0.0;0.01;0.0409375;0.0;0.0;0.0;0.0;0.0228125;0.21125;0.2203125;0.2934375;0.21125;0.0409375;0.0;0.0;0.0;0.0;0.0;0.249375;0.25875;0.28625;0.1646875;0.1928125;0.2040625;0.1959375;0.1675;0.1653125;0.0334375;0.0;0.0;0.0;0.0409375;0.2146875;0.744375;0.0;0.0;0.0;0.0;0.0;0.0;0.0;0.0409375;1
0.2990625;0.1265625;0.0571875;0.1734375;0.15;0.0990625;0.0353125;0.02375;0.0246875;0.0109375;0.41;0.1140625;0.240625;0.096875;0.0590625;0.0159375;0.0159375;0.018125;0.0184375;0.0109375;0.3678125;0.17;0.24375;0.1028125;0.0409375;0.014375;0.0159375;0.0225;0.013125;0.00875;0.054375;0.121875;0.1053125;0.1215625;0.0284375;0.06875;0.160625;0.19625;0.1328125;0.01;0.27;0.141875;0.0909375;0.094375;0.0746875;0.1034375;0.0821875;0.070625;0.048125;0.02375;0.2678125;0.17375;0.09875;0.1225;0.1190625;0.0540625;0.045;0.0678125;0.025;0.02625;0.290625;0.168125;0.10125;0.1609375;0.080625;0.0396875;0.0471875;0.0578125;0.0259375;0.0278125;0.00625;0.105;0.189375;0.145625;0.088125;0.134375;0.193125;0.0965625;0.026875;0.0146875;0.03125;0.0;0.0;0.0;0.0;0.0;0.071875;0.394375;0.3275;0.175;0.03125;0.0;0.0;0.0;0.0;0.0;0.0003125;0.4075;0.3184375;0.2425;0.396875;0.3315625;0.23875;0.0015625;0.0;0.0;0.0;0.0;0.0;0.03125;0.68125;0.2875;0.0;0.0;0.0;0.0;0.0;0.0;0.0;0.03125;0.01;0.0;0.0;0.0;0.111875;0.31875;0.0703125;0.295625;0.0746875;0.11875;0.01;0.0;0.0;0.0;0.0584375;0.381875;0.093125;0.2746875;0.0659375;0.1159375;0.344375;0.108125;0.0553125;0.09375;0.1990625;0.046875;0.0584375;0.0659375;0.018125;0.01;0.9309375;0.0590625;0.0;0.0;0.0;0.0;0.0;0.0;0.0;0.01;0.01;0.0;0.0;0.0;0.0;0.198125;0.1853125;0.1584375;0.2484375;0.1996875;0.01;0.0;0.0;0.0;0.0;0.255625;0.2071875;0.08875;0.2609375;0.1775;0.2103125;0.1996875;0.060625;0.0490625;0.118125;0.15375;0.1709375;0.0275;0.0;0.01;0.76125;0.228125;0.000625;0.0;0.0;0.0;0.0;0.0;0.0;0.01;0.0409375;0.0;0.0;0.0;0.0;0.0275;0.2165625;0.225;0.273125;0.216875;0.0409375;0.0;0.0;0.0;0.0;0.0134375;0.25;0.2475;0.315;0.133125;0.1728125;0.208125;0.1884375;0.1465625;0.2059375;0.0371875;0.0;0.0;0.0;0.0409375;0.6809375;0.278125;0.0;0.0;0.0;0.0;0.0;0.0;0.0;0.0409375;1
0.27691831683168316;0.15717821782178218;0.06652227722772278;0.16676980198019803;0.12840346534653466;0.08972772277227722;0.03650990099009901;0.026608910891089108;0.028155940594059407;0.023205445544554455;0.4207920792079208;0.15501237623762376;0.20482673267326731;0.07704207920792079;0.04795792079207921;0.018254950495049504;0.01670792079207921;0.02599009900990099;0.01516089108910891;0.018254950495049504;0.4000618811881188;0.1875;0.2042079207920792;0.08199257425742575;0.034653465346534656;0.01577970297029703;0.018564356435643563;0.02599009900990099;0.013304455445544554;0.017945544554455444;0.04207920792079208;0.07673267326732673;0.12097772277227722;0.15501237623762376;0.04207920792079208;0.07642326732673267;0.13985148514851486;0.12128712871287128;0.1751237623762376;0.050433168316831686;0.23081683168316833;0.14294554455445543;0.10179455445544554;0.09375;0.08292079207920793;0.11695544554455446;0.08137376237623763;0.07332920792079207;0.04888613861386139;0.027227722772277228;0.25154702970297027;0.1500618811881188;0.12871287128712872;0.11448019801980198;0.14232673267326731;0.04393564356435643;0.04795792079207921;0.06466584158415842;0.027227722772277228;0.029084158415841586;0.27073019801980197;0.14139851485148514;0.13397277227722773;0.14758663366336633;0.10488861386138613;0.03650990099009901;0.04733910891089109;0.058787128712871284;0.026608910891089108;0.03217821782178218;0.018564356435643563;0.08044554455445545;0.13397277227722773;0.15903465346534654;0.09189356435643564;0.1379950495049505;0.1797648514851485;0.13830445544554457;0.04795792079207921;0.012066831683168317;0.03125;0.0;0.0;0.0;0.0;0.0;0.027846534653465347;0.4198638613861386;0.3029084158415842;0.21813118811881188;0.03125;0.0;0.0;0.0;0.0;0.0;0.0;0.42110148514851486;0.30507425742574257;0.24257425742574257;0.4099628712871287;0.30816831683168316;0.24969059405940594;0.0009282178217821782;0.0;0.0;0.0;0.0;0.0;0.03125;0.8647896039603961;0.10396039603960396;0.0;0.0;0.0;0.0;0.0;0.0;0.0;0.03125;0.009900990099009901;0.0;0.0;0.0;0.125;0.28929455445544555;0.07425742574257425;0.29300742574257427;0.07611386138613861;0.13242574257425743;0.009900990099009901;0.0;0.0;0.0;0.053836633663366336;0.37314356435643564;0.08879950495049505;0.2744430693069307;0.07054455445544554;0.12933168316831684;0.3341584158415842;0.10241336633663366;0.053527227722772276;0.08292079207920793;0.20544554455445543;0.05167079207920792;0.05724009900990099;0.07301980198019802;0.0297029702970297;0.009900990099009901;0.9198638613861386;0.07023514851485149;0.0;0.0;0.0;0.0;0.0;0.0;0.0;0.009900990099009901;0.009900990099009901;0.0;0.0;0.0;0.0;0.19801980198019803;0.18657178217821782;0.15253712871287128;0.2558787128712871;0.19709158415841585;0.009900990099009901;0.0;0.0;0.0;0.0;0.2416460396039604;0.21998762376237624;0.0906559405940594;0.275990099009901;0.16181930693069307;0.18409653465346534;0.21658415841584158;0.06342821782178218;0.04764851485148515;0.11912128712871287;0.15686881188118812;0.1707920792079208;0.03155940594059406;0.0;0.009900990099009901;0.6349009900990099;0.3502475247524752;0.0049504950495049506;0.0;0.0;0.0;0.0;0.0;0.0;0.009900990099009901;0.04084158415841584;0.0;0.0;0.0;0.0;0.025371287128712873;0.22153465346534654;0.21875;0.2728960396039604;0.22060643564356436;0.04084158415841584;0.0;0.0;0.0;0.0;0.011448019801980198;0.2676361386138614;0.23391089108910892;0.30785891089108913;0.13830445544554457;0.1791460396039604;0.2063737623762376;0.18193069306930693;0.1478960396039604;0.2063737623762376;0.03743811881188119;0.0;0.0;0.0;0.04084158415841584;0.7351485148514851;0.22400990099009901;0.0;0.0;0.0;0.0;0.0;0.0;0.0;0.04084158415841584;1
0.22524752475247525;0.20853960396039603;0.055383663366336634;0.16955445544554457;0.12469059405940594;0.10241336633663366;0.037747524752475246;0.02599009900990099;0.03001237623762376;0.02042079207920792;0.40655940594059403;0.17017326732673269;0.1875;0.09344059405940594;0.04486386138613861;0.019801980198019802;0.018564356435643563;0.022277227722772276;0.018254950495049504;0.018564356435643563;0.33910891089108913;0.21318069306930693;0.21905940594059406;0.09189356435643564;0.04238861386138614;0.017945544554455444;0.018254950495049504;0.024443069306930694;0.01547029702970297;0.018254950495049504;0.05693069306930693;0.09405940594059406;0.12128712871287128;0.13861386138613863;0.0297029702970297;0.06992574257425743;0.14016089108910892;0.12592821782178218;0.17388613861386137;0.04950495049504951;0.2407178217821782;0.1448019801980198;0.09962871287128713;0.09405940594059406;0.07147277227722772;0.1327351485148515;0.06930693069306931;0.07982673267326733;0.039603960396039604;0.027846534653465347;0.2555693069306931;0.14665841584158415;0.12933168316831684;0.11138613861386139;0.13985148514851486;0.04764851485148515;0.04579207920792079;0.0671410891089109;0.027537128712871287;0.029084158415841586;0.2744430693069307;0.14294554455445543;0.1311881188118812;0.1417079207920792;0.10922029702970297;0.03558168316831683;0.04548267326732673;0.0594059405940594;0.027537128712871287;0.03248762376237624;0.08415841584158416;0.12314356435643564;0.13675742574257427;0.10334158415841584;0.10024752475247525;0.12778465346534654;0.19275990099009901;0.08292079207920793;0.03589108910891089;0.012995049504950494;0.03125;0.0;0.0;0.0;0.0;0.0;0.03589108910891089;0.4146039603960396;0.29857673267326734;0.21967821782178218;0.03125;0.0;0.0;0.0;0.0;0.0;0.0;0.41491336633663367;0.30476485148514854;0.24907178217821782;0.40160891089108913;0.31652227722772275;0.24969059405940594;0.0009282178217821782;0.0;0.0;0.0;0.0;0.0;0.03125;0.8032178217821783;0.1655321782178218;0.0;0.0;0.0;0.0;0.0;0.0;0.0;0.03125;0.009900990099009901;0.0;0.0;0.0;0.10426980198019802;0.3087871287128713;0.07209158415841584;0.2905321782178218;0.07951732673267327;0.1349009900990099;0.009900990099009901;0.0;0.0;0.0;0.053527227722772276;0.3666460396039604;0.0952970297029703;0.2716584158415842;0.07209158415841584;0.13087871287128713;0.33261138613861385;0.10148514851485149;0.054764851485148515;0.08168316831683169;0.2057549504950495;0.053217821782178217;0.053217821782178217;0.07735148514851485;0.03001237623762376;0.009900990099009901;0.9235767326732673;0.06652227722772278;0.0;0.0;0.0;0.0;0.0;0.0;0.0;0.009900990099009901;0.009900990099009901;0.0;0.0;0.0;0.0;0.18688118811881188;0.1974009900990099;0.14016089108910892;0.2400990099009901;0.2255569306930693;0.009900990099009901;0.0;0.0;0.0;0.0;0.24040841584158415;0.22246287128712872;0.07889851485148515;0.2620668316831683;0.18626237623762376;0.18719059405940594;0.21936881188118812;0.059096534653465344;0.04486386138613861;0.1203589108910891;0.15253712871287128;0.1766707920792079;0.03001237623762376;0.0;0.009900990099009901;0.7722772277227723;0.21782178217821782;0.0;0.0;0.0;0.0;0.0;0.0;0.0;0.009900990099009901;0.04084158415841584;0.0;0.0;0.0;0.0;0.026918316831683168;0.2218440594059406;0.2141089108910891;0.2756806930693069;0.22060643564356436;0.04084158415841584;0.0;0.0;0.0;0.0;0.011757425742574257;0.2645420792079208;0.22926980198019803;0.31373762376237624;0.13985148514851486;0.18409653465346534;0.19925742574257427;0.18347772277227722;0.1448019801980198;0.2073019801980198;0.040222772277227724;0.0;0.0;0.0;0.04084158415841584;0.6729579207920792;0.28620049504950495;0.0;0.0;0.0;0.0;0.0;0.0;0.0;0.04084158415841584;1
0.3189975247524752;0.11448019801980198;0.0671410891089109;0.1670792079207921;0.11695544554455446;0.09436881188118812;0.04362623762376237;0.02568069306930693;0.03094059405940594;0.02073019801980198;0.4176980198019802;0.16646039603960397;0.1828589108910891;0.08849009900990099;0.04702970297029703;0.019492574257425743;0.019801980198019802;0.022896039603960396;0.01670792079207921;0.018564356435643563;0.3285891089108911;0.21905940594059406;0.22524752475247525;0.09096534653465346;0.04207920792079208;0.01670792079207921;0.019492574257425743;0.025061881188118813;0.014542079207920793;0.018254950495049504;0.05228960396039604;0.1766707920792079;0.09931930693069307;0.11014851485148515;0.043316831683168314;0.10086633663366337;0.15655940594059406;0.18224009900990099;0.06342821782178218;0.01516089108910891;0.2555693069306931;0.1448019801980198;0.0875618811881188;0.09405940594059406;0.07332920792079207;0.12716584158415842;0.0739480198019802;0.07951732673267327;0.03681930693069307;0.027227722772277228;0.24783415841584158;0.14727722772277227;0.13366336633663367;0.11169554455445545;0.14232673267326731;0.04702970297029703;0.04672029702970297;0.06652227722772278;0.027846534653465347;0.029084158415841586;0.26330445544554454;0.14418316831683167;0.13830445544554457;0.14016089108910892;0.11231435643564357;0.03589108910891089;0.04641089108910891;0.0594059405940594;0.027537128712871287;0.03248762376237624;0.054455445544554455;0.15408415841584158;0.15439356435643564;0.09467821782178218;0.09436881188118812;0.1280940594059406;0.19121287128712872;0.08106435643564357;0.0343440594059406;0.013304455445544554;0.03125;0.0;0.0;0.0;0.0;0.0;0.03341584158415842;0.4183168316831683;0.29548267326732675;0.22153465346534654;0.03125;0.0;0.0;0.0;0.0;0.0;0.0;0.41646039603960394;0.30538366336633666;0.2469059405940594;0.4006806930693069;0.31714108910891087;0.25;0.0009282178217821782;0.0;0.0;0.0;0.0;0.0;0.03125;0.8601485148514851;0.10860148514851485;0.0;0.0;0.0;0.0;0.0;0.0;0.0;0.03125;0.009900990099009901;0.0;0.0;0.0;0.09344059405940594;0.3220915841584158;0.07363861386138613;0.2908415841584158;0.07827970297029703;0.1318069306930693;0.009900990099009901;0.0;0.0;0.0;0.056002475247524754;0.36788366336633666;0.0922029702970297;0.2713490099009901;0.07178217821782178;0.13087871287128713;0.3239480198019802;0.10952970297029703;0.05693069306930693;0.07425742574257425;0.21070544554455445;0.053836633663366336;0.050742574257425746;0.08044554455445545;0.0297029702970297;0.009900990099009901;0.9189356435643564;0.07116336633663366;0.0;0.0;0.0;0.0;0.0;0.0;0.0;0.009900990099009901;0.009900990099009901;0.0;0.0;0.0;0.0;0.19616336633663367;0.18842821782178218;0.14047029702970298;0.23081683168316833;0.23422029702970298;0.009900990099009901;0.0;0.0;0.0;0.0;0.24102722772277227;0.22370049504950495;0.07642326732673267;0.24969059405940594;0.19925742574257427;0.1797648514851485;0.2233910891089109;0.0640470297029703;0.04579207920792079;0.11912128712871287;0.15965346534653466;0.16800742574257427;0.03032178217821782;0.0;0.009900990099009901;0.776299504950495;0.21379950495049505;0.0;0.0;0.0;0.0;0.0;0.0;0.0;0.009900990099009901;0.04084158415841584;0.0;0.0;0.0;0.0;0.01701732673267327;0.21751237623762376;0.22988861386138615;0.2660891089108911;0.2286509900990099;0.04084158415841584;0.0;0.0;0.0;0.0;0.012376237623762377;0.26113861386138615;0.2280321782178218;0.3125;0.14511138613861385;0.1797648514851485;0.19863861386138615;0.1775990099009901;0.15965346534653466;0.20142326732673269;0.04207920792079208;0.0;0.0;0.0;0.04084158415841584;0.7908415841584159;0.16831683168316833;0.0;0.0;0.0;0.0;0.0;0.0;0.0;0.04084158415841584;1
0.37995049504950495;0.07363861386138613;0.07178217821782178;0.1630569306930693;0.11293316831683169;0.08632425742574257;0.038366336633663366;0.03125;0.026918316831683168;0.01577970297029703;0.4279084158415842;0.15346534653465346;0.1974009900990099;0.07889851485148515;0.04672029702970297;0.018873762376237623;0.019183168316831683;0.028465346534653466;0.01516089108910891;0.013923267326732673;0.411509900990099;0.20018564356435645;0.1875;0.07673267326732673;0.03341584158415842;0.017945544554455444;0.025371287128712873;0.021658415841584157;0.011757425742574257;0.013923267326732673;0.04579207920792079;0.20606435643564355;0.09715346534653466;0.09189356435643564;0.02599009900990099;0.10117574257425743;0.15841584158415842;0.16429455445544555;0.10055693069306931;0.008663366336633664;0.26113861386138615;0.14418316831683167;0.08323019801980198;0.09034653465346534;0.08106435643564357;0.12995049504950495;0.07178217821782178;0.07549504950495049;0.038366336633663366;0.024443069306930694;0.24350247524752475;0.16646039603960397;0.11571782178217822;0.13459158415841585;0.12592821782178218;0.05136138613861386;0.05012376237623763;0.0625;0.023824257425742575;0.02599009900990099;0.26732673267326734;0.15068069306930693;0.12747524752475248;0.17172029702970298;0.08849009900990099;0.037747524752475246;0.05167079207920792;0.053527227722772276;0.024752475247524754;0.026608910891089108;0.0012376237623762376;0.07982673267326733;0.15717821782178218;0.14356435643564355;0.07363861386138613;0.10457920792079207;0.14573019801980197;0.20606435643564355;0.06806930693069307;0.020111386138613862;0.03125;0.0;0.0;0.0;0.0;0.0;0.03527227722772277;0.442759900990099;0.286509900990099;0.2042079207920792;0.03125;0.0;0.0;0.0;0.0;0.0;0.0;0.45451732673267325;0.3032178217821782;0.2110148514851485;0.4229579207920792;0.31280940594059403;0.23267326732673269;0.0003094059405940594;0.0;0.0;0.0;0.0;0.0;0.03125;0.6107673267326733;0.35798267326732675;0.0;0.0;0.0;0.0;0.0;0.0;0.0;0.03125;0.009900990099009901;0.0;0.0;0.0;0.11262376237623763;0.30816831683168316;0.07116336633663366;0.28991336633663367;0.07920792079207921;0.12902227722772278;0.009900990099009901;0.0;0.0;0.0;0.053836633663366336;0.37376237623762376;0.09251237623762376;0.2728960396039604;0.06992574257425743;0.12716584158415842;0.3378712871287129;0.10303217821782178;0.053217821782178217;0.07704207920792079;0.21163366336633663;0.05136138613861386;0.04548267326732673;0.08632425742574257;0.024133663366336634;0.009900990099009901;0.916769801980198;0.07332920792079207;0.0;0.0;0.0;0.0;0.0;0.0;0.0;0.009900990099009901;0.009900990099009901;0.0;0.0;0.0;0.0;0.20173267326732675;0.19492574257425743;0.1333539603960396;0.2332920792079208;0.22679455445544555;0.009900990099009901;0.0;0.0;0.0;0.0;0.2249381188118812;0.24597772277227722;0.06806930693069307;0.25185643564356436;0.19925742574257427;0.18100247524752475;0.23143564356435645;0.06157178217821782;0.04517326732673267;0.12004950495049505;0.1624381188118812;0.1577970297029703;0.03063118811881188;0.0;0.009900990099009901;0.5952970297029703;0.3948019801980198;0.0;0.0;0.0;0.0;0.0;0.0;0.0;0.009900990099009901;0.04084158415841584;0.0;0.0;0.0;0.0;0.01639851485148515;0.23452970297029702;0.2202970297029703;0.28032178217821785;0.20761138613861385;0.04084158415841584;0.0;0.0;0.0;0.0;0.00525990099009901;0.26794554455445546;0.2255569306930693;0.2874381188118812;0.1729579207920792;0.1952351485148515;0.19461633663366337;0.18038366336633663;0.15872524752475248;0.1936881188118812;0.03650990099009901;0.0;0.0;0.0;0.04084158415841584;0.7923886138613861;0.16676980198019803;0.0;0.0;0.0;0.0;0.0;0.0;0.0;0.04084158415841584;1
0.4090346534653465;0.0739480198019802;0.09313118811881188;0.12778465346534654;0.10117574257425743;0.08508663366336634;0.03620049504950495;0.03310643564356436;0.028155940594059407;0.012376237623762377;0.452970297029703;0.1500618811881188;0.17481435643564355;0.07704207920792079;0.04702970297029703;0.022896039603960396;0.02103960396039604;0.03032178217821782;0.013613861386138614;0.01021039603960396;0.35086633663366334;0.23669554455445543;0.1936881188118812;0.08137376237623763;0.04207920792079208;0.0213490099009901;0.021658415841584157;0.027227722772277228;0.013613861386138614;0.011448019801980198;0.04084158415841584;0.18007425742574257;0.10952970297029703;0.12128712871287128;0.026918316831683168;0.09127475247524752;0.1494430693069307;0.17110148514851486;0.0999381188118812;0.009591584158415841;0.22741336633663367;0.14449257425742573;0.11045792079207921;0.08601485148514851;0.08013613861386139;0.13892326732673269;0.06961633663366337;0.09189356435643564;0.03094059405940594;0.020111386138613862;0.2255569306930693;0.1828589108910891;0.1150990099009901;0.14077970297029702;0.12902227722772278;0.05136138613861386;0.053217821782178217;0.06157178217821782;0.019183168316831683;0.0213490099009901;0.2651608910891089;0.1692450495049505;0.12902227722772278;0.16367574257425743;0.08725247524752475;0.037747524752475246;0.07363861386138613;0.039603960396039604;0.01516089108910891;0.019492574257425743;0.006188118811881188;0.10829207920792079;0.1395420792079208;0.14882425742574257;0.053836633663366336;0.12995049504950495;0.20699257425742573;0.15532178217821782;0.04548267326732673;0.005569306930693069;0.03125;0.0;0.0;0.0;0.0;0.0;0.040222772277227724;0.43657178217821785;0.2908415841584158;0.20111386138613863;0.03125;0.0;0.0;0.0;0.0;0.0;0.0;0.4594678217821782;0.2933168316831683;0.21596534653465346;0.47957920792079206;0.29857673267326734;0.1905940594059406;0.0;0.0;0.0;0.0;0.0;0.0;0.03125;0.6126237623762376;0.3561262376237624;0.0;0.0;0.0;0.0;0.0;0.0;0.0;0.03125;0.009900990099009901;0.0;0.0;0.0;0.0875618811881188;0.30445544554455445;0.07332920792079207;0.2911509900990099;0.08292079207920793;0.15068069306930693;0.009900990099009901;0.0;0.0;0.0;0.0426980198019802;0.35860148514851486;0.0968440594059406;0.2728960396039604;0.07301980198019802;0.14603960396039603;0.31745049504950495;0.0952970297029703;0.06157178217821782;0.07054455445544554;0.21225247524752475;0.055074257425742575;0.04857673267326733;0.09467821782178218;0.034653465346534656;0.009900990099009901;0.9037747524752475;0.08632425742574257;0.0;0.0;0.0;0.0;0.0;0.0;0.0;0.009900990099009901;0.009900990099009901;0.0;0.0;0.0;0.0;0.17172029702970298;0.20080445544554457;0.14077970297029702;0.22153465346534654;0.255259900990099;0.009900990099009901;0.0;0.0;0.0;0.0;0.21503712871287128;0.2407178217821782;0.0724009900990099;0.2583539603960396;0.20358910891089108;0.20111386138613863;0.20451732673267325;0.05631188118811881;0.04764851485148515;0.1311881188118812;0.16676980198019803;0.1448019801980198;0.037747524752475246;0.0;0.009900990099009901;0.7577351485148515;0.23236386138613863;0.0;0.0;0.0;0.0;0.0;0.0;0.0;0.009900990099009901;0.04084158415841584;0.0;0.0;0.0;0.0;0.01577970297029703;0.22215346534653466;0.22370049504950495;0.2874381188118812;0.21008663366336633;0.04084158415841584;0.0;0.0;0.0;0.0;0.007116336633663367;0.27042079207920794;0.22679455445544555;0.31280940594059403;0.14201732673267325;0.1813118811881188;0.1952351485148515;0.18502475247524752;0.1608910891089109;0.19647277227722773;0.040222772277227724;0.0;0.0;0.0;0.04084158415841584;0.24938118811881188;0.7097772277227723;0.0;0.0;0.0;0.0;0.0;0.0;0.0;0.04084158415841584;1
0.4192450495049505;0.04455445544554455;0.08694306930693069;0.15253712871287128;0.09777227722772278;0.09034653465346534;0.04548267326732673;0.024752475247524754;0.02599009900990099;0.012376237623762377;0.38675742574257427;0.1751237623762376;0.2079207920792079;0.0968440594059406;0.04950495049504951;0.0213490099009901;0.019801980198019802;0.021658415841584157;0.014542079207920793;0.006497524752475247;0.21070544554455445;0.36757425742574257;0.21132425742574257;0.08044554455445545;0.05167079207920792;0.02042079207920792;0.01547029702970297;0.024133663366336634;0.012995049504950494;0.00525990099009901;0.055693069306930694;0.20668316831683167;0.09653465346534654;0.0922029702970297;0.012376237623762377;0.08508663366336634;0.13706683168316833;0.18316831683168316;0.10860148514851485;0.022586633663366336;0.25773514851485146;0.1655321782178218;0.0922029702970297;0.07982673267326733;0.07209158415841584;0.11540841584158416;0.07332920792079207;0.08570544554455446;0.037747524752475246;0.02042079207920792;0.26021039603960394;0.17698019801980197;0.11850247524752475;0.12469059405940594;0.11757425742574257;0.053836633663366336;0.05167079207920792;0.05816831683168317;0.018564356435643563;0.019801980198019802;0.2790841584158416;0.16522277227722773;0.13366336633663367;0.15686881188118812;0.07920792079207921;0.04207920792079208;0.058787128712871284;0.04857673267326733;0.018564356435643563;0.017945544554455444;0.09251237623762376;0.15625;0.1751237623762376;0.06992574257425743;0.04146039603960396;0.10767326732673267;0.16181930693069307;0.1358292079207921;0.04702970297029703;0.012376237623762377;0.03125;0.0;0.0;0.0;0.0;0.0;0.03681930693069307;0.4313118811881188;0.31219059405940597;0.18842821782178218;0.03125;0.0;0.0;0.0;0.0;0.0;0.0012376237623762376;0.45173267326732675;0.31404702970297027;0.20173267326732675;0.41955445544554454;0.3276608910891089;0.22153465346534654;0.0;0.0;0.0;0.0;0.0;0.0;0.03125;0.5922029702970297;0.37654702970297027;0.0;0.0;0.0;0.0;0.0;0.0;0.0;0.03125;0.009900990099009901;0.0;0.0;0.0;0.09931930693069307;0.30816831683168316;0.07797029702970297;0.29455445544554454;0.07673267326732673;0.1333539603960396;0.009900990099009901;0.0;0.0;0.0;0.03620049504950495;0.380259900990099;0.09313118811881188;0.27691831683168316;0.07023514851485149;0.1333539603960396;0.3372524752475248;0.09003712871287128;0.05785891089108911;0.0838490099009901;0.2103960396039604;0.04641089108910891;0.059096534653465344;0.07704207920792079;0.028155940594059407;0.009900990099009901;0.9124381188118812;0.07766089108910891;0.0;0.0;0.0;0.0;0.0;0.0;0.0;0.009900990099009901;0.009900990099009901;0.0;0.0;0.0;0.0;0.20018564356435645;0.1782178217821782;0.14758663366336633;0.24350247524752475;0.22060643564356436;0.009900990099009901;0.0;0.0;0.0;0.0;0.2141089108910891;0.2376237623762376;0.0686881188118812;0.24474009900990099;0.2249381188118812;0.17233910891089108;0.22370049504950495;0.055383663366336634;0.04176980198019802;0.12933168316831684;0.1494430693069307;0.17636138613861385;0.04176980198019802;0.0;0.009900990099009901;0.7831064356435643;0.20699257425742573;0.0;0.0;0.0;0.0;0.0;0.0;0.0;0.009900990099009901;0.04084158415841584;0.0;0.0;0.0;0.0;0.017636138613861384;0.22277227722772278;0.2172029702970297;0.2750618811881188;0.2264851485148515;0.04084158415841584;0.0;0.0;0.0;0.0;0.00525990099009901;0.2589727722772277;0.22400990099009901;0.3118811881188119;0.15903465346534654;0.16800742574257427;0.20173267326732675;0.17388613861386137;0.16181930693069307;0.20358910891089108;0.05012376237623763;0.0;0.0;0.0;0.04084158415841584;0.28094059405940597;0.6782178217821783;0.0;0.0;0.0;0.0;0.0;0.0;0.0;0.04084158415841584;1
0.153125;0.296875;0.0440625;0.1384375;0.103125;0.1046875;0.073125;0.0390625;0.0271875;0.0203125;0.4178125;0.1821875;0.18;0.0815625;0.058125;0.021875;0.02;0.020625;0.0134375;0.004375;0.3025;0.2734375;0.2159375;0.079375;0.0465625;0.024375;0.0203125;0.020625;0.0125;0.004375;0.036875;0.100625;0.29125;0.04625;0.080625;0.074375;0.15875;0.13125;0.0709375;0.0090625;0.2971875;0.146875;0.0728125;0.0778125;0.085625;0.1003125;0.078125;0.08375;0.035625;0.021875;0.296875;0.1659375;0.1103125;0.1225;0.1134375;0.0515625;0.0753125;0.0321875;0.01375;0.018125;0.2278125;0.166875;0.156875;0.16125;0.111875;0.0334375;0.0590625;0.0471875;0.0175;0.018125;0.005;0.05375;0.2075;0.205625;0.068125;0.163125;0.1709375;0.088125;0.03375;0.0040625;0.03125;0.0;0.0;0.0;0.0;0.0;0.0184375;0.42625;0.2896875;0.234375;0.03125;0.0;0.0;0.0;0.0;0.0;0.0;0.3859375;0.3403125;0.2425;0.235;0.4309375;0.2840625;0.01875;0.0;0.0;0.0;0.0;0.0;0.03125;0.631875;0.336875;0.0;0.0;0.0;0.0;0.0;0.0;0.0;0.03125;0.01;0.0;0.0;0.0;0.1296875;0.2940625;0.0825;0.2859375;0.076875;0.1209375;0.01;0.0;0.0;0.0;0.069375;0.3534375;0.0971875;0.2696875;0.074375;0.1259375;0.301875;0.12875;0.0603125;0.0865625;0.1984375;0.04875;0.0484375;0.0875;0.029375;0.01;0.92875;0.06125;0.0;0.0;0.0;0.0;0.0;0.0;0.0;0.01;0.01;0.0;0.0;0.0;0.0;0.1753125;0.1921875;0.148125;0.2240625;0.2503125;0.01;0.0;0.0;0.0;0.0;0.2359375;0.2259375;0.0875;0.26;0.180625;0.2084375;0.1959375;0.0665625;0.0415625;0.1159375;0.1615625;0.160625;0.039375;0.0;0.01;0.7628125;0.224375;0.0028125;0.0;0.0;0.0;0.0;0.0;0.0;0.01;0.0409375;0.0;0.0;0.0;0.0;0.0234375;0.22375;0.2128125;0.2709375;0.228125;0.0409375;0.0;0.0;0.0;0.0;0.003125;0.231875;0.2496875;0.27375;0.200625;0.113125;0.2315625;0.17625;0.1890625;0.2059375;0.043125;0.0;0.0;0.0;0.0409375;0.5659375;0.393125;0.0;0.0;0.0;0.0;0.0;0.0;0.0;0.0409375;1
0.1509375;0.3490625;0.0421875;0.1271875;0.0878125;0.0875;0.0765625;0.0346875;0.0359375;0.008125;0.50375;0.1415625;0.133125;0.07625;0.055;0.0275;0.0240625;0.0271875;0.0075;0.0040625;0.3303125;0.2990625;0.1665625;0.0775;0.04;0.02625;0.024375;0.0240625;0.0090625;0.0028125;0.04375;0.11;0.238125;0.1109375;0.035625;0.09625;0.1196875;0.1521875;0.071875;0.0215625;0.1615625;0.18875;0.11;0.07875;0.099375;0.1209375;0.0978125;0.091875;0.03375;0.0171875;0.2528125;0.1384375;0.155;0.11875;0.1490625;0.0465625;0.054375;0.056875;0.0125;0.015625;0.260625;0.1778125;0.14125;0.1725;0.088125;0.0334375;0.064375;0.0334375;0.0146875;0.01375;0.00625;0.0715625;0.17875;0.193125;0.0615625;0.176875;0.1753125;0.105625;0.0271875;0.00375;0.03125;0.0;0.0;0.0;0.0;0.0;0.0284375;0.4675;0.2675;0.2053125;0.03125;0.0;0.0;0.0;0.0;0.0;0.0021875;0.45625;0.301875;0.2084375;0.3796875;0.375625;0.213125;0.0003125;0.0;0.0;0.0;0.0;0.0;0.03125;0.6790625;0.2896875;0.0;0.0;0.0;0.0;0.0;0.0;0.0;0.03125;0.01;0.0;0.0;0.0;0.1065625;0.278125;0.0790625;0.2921875;0.085;0.1490625;0.01;0.0;0.0;0.0;0.01875;0.3646875;0.0978125;0.2765625;0.0775;0.1546875;0.2953125;0.1078125;0.06125;0.079375;0.2009375;0.0490625;0.058125;0.1;0.038125;0.01;0.91875;0.07125;0.0;0.0;0.0;0.0;0.0;0.0;0.0;0.01;0.01;0.0;0.0;0.0;0.0;0.160625;0.204375;0.1375;0.236875;0.250625;0.01;0.0;0.0;0.0;0.0;0.2265625;0.220625;0.088125;0.26875;0.1859375;0.1965625;0.2015625;0.064375;0.05125;0.1284375;0.1603125;0.149375;0.038125;0.0;0.01;0.75125;0.23875;0.0;0.0;0.0;0.0;0.0;0.0;0.0;0.01;0.0409375;0.0;0.0;0.0;0.0;0.023125;0.23375;0.215;0.2790625;0.208125;0.0409375;0.0;0.0;0.0;0.0;0.000625;0.2525;0.2403125;0.2809375;0.1846875;0.14375;0.215;0.1765625;0.1865625;0.1978125;0.039375;0.0;0.0;0.0;0.0409375;0.4971875;0.461875;0.0;0.0;0.0;0.0;0.0;0.0;0.0;0.0409375;1
0.3251856435643564;0.22896039603960397;0.04393564356435643;0.07920792079207921;0.09405940594059406;0.08292079207920793;0.06188118811881188;0.04919554455445545;0.0297029702970297;0.0049504950495049506;0.5297029702970297;0.12561881188118812;0.10922029702970297;0.07982673267326733;0.053527227722772276;0.03341584158415842;0.03589108910891089;0.022586633663366336;0.006806930693069307;0.0034034653465346535;0.452970297029703;0.22462871287128713;0.11417079207920793;0.06930693069306931;0.04238861386138614;0.03155940594059406;0.034962871287128716;0.02042079207920792;0.006188118811881188;0.0034034653465346535;0.039913366336633664;0.125;0.23576732673267325;0.13923267326732675;0.039294554455445545;0.07642326732673267;0.11478960396039604;0.15563118811881188;0.055383663366336634;0.018564356435643563;0.11386138613861387;0.16274752475247525;0.11324257425742575;0.09405940594059406;0.11819306930693069;0.12407178217821782;0.13861386138613863;0.07580445544554455;0.04424504950495049;0.01516089108910891;0.20977722772277227;0.14913366336633663;0.13830445544554457;0.15748762376237624;0.15037128712871287;0.06219059405940594;0.06033415841584158;0.05290841584158416;0.009282178217821782;0.01021039603960396;0.21751237623762376;0.14603960396039603;0.1974009900990099;0.15872524752475248;0.11571782178217822;0.04702970297029703;0.055074257425742575;0.040532178217821783;0.011757425742574257;0.01021039603960396;0.0037128712871287127;0.10148514851485149;0.11540841584158416;0.16738861386138615;0.0724009900990099;0.18007425742574257;0.22462871287128713;0.09900990099009901;0.03063118811881188;0.00525990099009901;0.03125;0.0;0.0;0.0;0.0;0.0;0.039913366336633664;0.5232054455445545;0.2469059405940594;0.15872524752475248;0.03125;0.0;0.0;0.0;0.0;0.0;0.0034034653465346535;0.5355816831683168;0.26392326732673266;0.16584158415841585;0.4282178217821782;0.36695544554455445;0.17357673267326731;0.0;0.0;0.0;0.0;0.0;0.0;0.03125;0.7462871287128713;0.22246287128712872;0.0;0.0;0.0;0.0;0.0;0.0;0.0;0.03125;0.009900990099009901;0.0;0.0;0.0;0.09034653465346534;0.23824257425742573;0.08601485148514851;0.2806311881188119;0.1021039603960396;0.19275990099009901;0.009900990099009901;0.0;0.0;0.0;0.01639851485148515;0.31590346534653463;0.11293316831683169;0.25030940594059403;0.09282178217821782;0.20173267326732675;0.27939356435643564;0.08570544554455446;0.0671410891089109;0.07704207920792079;0.17945544554455445;0.06002475247524752;0.08663366336633663;0.10612623762376237;0.04857673267326733;0.009900990099009901;0.8827351485148515;0.10736386138613861;0.0;0.0;0.0;0.0;0.0;0.0;0.0;0.009900990099009901;0.009900990099009901;0.0;0.0;0.0;0.0;0.14913366336633663;0.21875;0.12283415841584158;0.26392326732673266;0.2354579207920792;0.009900990099009901;0.0;0.0;0.0;0.0;0.17419554455445543;0.2527846534653465;0.09467821782178218;0.27629950495049505;0.1921410891089109;0.19275990099009901;0.18842821782178218;0.0671410891089109;0.0686881188118812;0.15748762376237624;0.1373762376237624;0.14882425742574257;0.029393564356435642;0.0;0.009900990099009901;0.7577351485148515;0.23236386138613863;0.0;0.0;0.0;0.0;0.0;0.0;0.0;0.009900990099009901;0.04084158415841584;0.0;0.0;0.0;0.0;0.017326732673267328;0.255259900990099;0.2156559405940594;0.2614480198019802;0.2094678217821782;0.04084158415841584;0.0;0.0;0.0;0.0;0.0003094059405940594;0.29146039603960394;0.22772277227722773;0.27660891089108913;0.1630569306930693;0.20668316831683167;0.21163366336633663;0.1745049504950495;0.15563118811881188;0.1766707920792079;0.03403465346534654;0.0;0.0;0.0;0.04084158415841584;0.6339727722772277;0.3251856435643564;0.0;0.0;0.0;0.0;0.0;0.0;0.0;0.04084158415841584;1
0.28217821782178215;0.275990099009901;0.03743811881188119;0.08292079207920793;0.09282178217821782;0.0838490099009901;0.06033415841584158;0.050742574257425746;0.029084158415841586;0.004641089108910891;0.5389851485148515;0.14232673267326731;0.09189356435643564;0.07827970297029703;0.05167079207920792;0.03217821782178218;0.03650990099009901;0.018564356435643563;0.006497524752475247;0.003094059405940594;0.45823019801980197;0.2317450495049505;0.1135519801980198;0.06837871287128713;0.039913366336633664;0.03063118811881188;0.0327970297029703;0.017945544554455444;0.0037128712871287127;0.003094059405940594;0.026608910891089108;0.1875;0.18997524752475248;0.11757425742574257;0.05228960396039604;0.05228960396039604;0.09313118811881188;0.16429455445544555;0.08446782178217822;0.03186881188118812;0.12438118811881188;0.15408415841584158;0.11912128712871287;0.09189356435643564;0.1188118811881188;0.125;0.13613861386138615;0.07704207920792079;0.04146039603960396;0.012066831683168317;0.21132425742574257;0.1494430693069307;0.1342821782178218;0.15439356435643564;0.15501237623762376;0.06342821782178218;0.06126237623762376;0.053836633663366336;0.008663366336633664;0.008353960396039604;0.22586633663366337;0.1454207920792079;0.19956683168316833;0.15253712871287128;0.11757425742574257;0.04672029702970297;0.05693069306930693;0.03743811881188119;0.01021039603960396;0.007735148514851485;0.008663366336633664;0.11200495049504951;0.11014851485148515;0.1775990099009901;0.06157178217821782;0.17636138613861385;0.21998762376237624;0.10488861386138613;0.023205445544554455;0.005569306930693069;0.03125;0.0;0.0;0.0;0.0;0.0;0.04424504950495049;0.525680693069307;0.23978960396039603;0.15903465346534654;0.03125;0.0;0.0;0.0;0.0;0.0;0.006188118811881188;0.5284653465346535;0.2688737623762376;0.16522277227722773;0.45389851485148514;0.34375;0.17110148514851486;0.0;0.0;0.0;0.0;0.0;0.0;0.03125;0.7438118811881188;0.2249381188118812;0.0;0.0;0.0;0.0;0.0;0.0;0.0;0.03125;0.009900990099009901;0.0;0.0;0.0;0.08849009900990099;0.22834158415841585;0.09375;0.2716584158415842;0.0999381188118812;0.2079207920792079;0.009900990099009901;0.0;0.0;0.0;0.01485148514851485;0.3041460396039604;0.11417079207920793;0.24721534653465346;0.09405940594059406;0.2156559405940594;0.26330445544554454;0.08787128712871287;0.07023514851485149;0.07549504950495049;0.1775990099009901;0.06126237623762376;0.08477722772277228;0.11943069306930693;0.05012376237623763;0.009900990099009901;0.8901608910891089;0.0999381188118812;0.0;0.0;0.0;0.0;0.0;0.0;0.0;0.009900990099009901;0.009900990099009901;0.0;0.0;0.0;0.0;0.13211633663366337;0.21998762376237624;0.12252475247524752;0.25742574257425743;0.25804455445544555;0.009900990099009901;0.0;0.0;0.0;0.0;0.15965346534653466;0.25185643564356436;0.09467821782178218;0.2784653465346535;0.20544554455445543;0.18657178217821782;0.17636138613861385;0.0708539603960396;0.07178217821782178;0.15501237623762376;0.14016089108910892;0.15501237623762376;0.0343440594059406;0.0;0.009900990099009901;0.7738242574257426;0.21627475247524752;0.0;0.0;0.0;0.0;0.0;0.0;0.0;0.009900990099009901;0.04084158415841584;0.0;0.0;0.0;0.0;0.011757425742574257;0.23948019801980197;0.2286509900990099;0.26732673267326734;0.2119430693069307;0.04084158415841584;0.0;0.0;0.0;0.0;0.0;0.27939356435643564;0.2264851485148515;0.275990099009901;0.17728960396039603;0.2042079207920792;0.20327970297029702;0.17636138613861385;0.15068069306930693;0.18719059405940594;0.03743811881188119;0.0;0.0;0.0;0.04084158415841584;0.7363861386138614;0.22277227722772278;0.0;0.0;0.0;0.0;0.0;0.0;0.0;0.04084158415841584;1
0.2583539603960396;0.28310643564356436;0.029393564356435642;0.09344059405940594;0.0952970297029703;0.08013613861386139;0.07951732673267327;0.034653465346534656;0.043007425742574254;0.003094059405940594;0.4904084158415842;0.16955445544554457;0.10612623762376237;0.07982673267326733;0.05662128712871287;0.03186881188118812;0.03589108910891089;0.020111386138613862;0.006497524752475247;0.003094059405940594;0.4214108910891089;0.25030940594059403;0.12840346534653466;0.06930693069306931;0.038985148514851485;0.03125;0.03310643564356436;0.02042079207920792;0.0049504950495049506;0.0018564356435643563;0.03094059405940594;0.1943069306930693;0.1646039603960396;0.13830445544554457;0.028774752475247526;0.040222772277227724;0.08663366336633663;0.18471534653465346;0.09808168316831684;0.03341584158415842;0.16058168316831684;0.16181930693069307;0.10334158415841584;0.0838490099009901;0.10798267326732673;0.12469059405940594;0.11943069306930693;0.07982673267326733;0.0426980198019802;0.01577970297029703;0.2218440594059406;0.1463490099009901;0.13706683168316833;0.15284653465346534;0.14913366336633663;0.06033415841584158;0.05785891089108911;0.054146039603960396;0.008972772277227722;0.011448019801980198;0.15655940594059406;0.17233910891089108;0.18533415841584158;0.15996287128712872;0.15408415841584158;0.04610148514851485;0.04579207920792079;0.050433168316831686;0.019183168316831683;0.01021039603960396;0.011138613861386138;0.10303217821782178;0.1203589108910891;0.1806930693069307;0.05847772277227723;0.17141089108910892;0.20761138613861385;0.1021039603960396;0.039603960396039604;0.005569306930693069;0.03125;0.0;0.0;0.0;0.0;0.0;0.03310643564356436;0.4900990099009901;0.24876237623762376;0.1967821782178218;0.03125;0.0;0.0;0.0;0.0;0.0;0.0;0.3935643564356436;0.3604579207920792;0.21472772277227722;0.4146039603960396;0.36478960396039606;0.18935643564356436;0.0;0.0;0.0;0.0;0.0;0.0;0.03125;0.7274133663366337;0.24133663366336633;0.0;0.0;0.0;0.0;0.0;0.0;0.0;0.03125;0.009900990099009901;0.0;0.0;0.0;0.09096534653465346;0.2521658415841584;0.09096534653465346;0.27382425742574257;0.09498762376237624;0.18719059405940594;0.009900990099009901;0.0;0.0;0.0;0.010829207920792078;0.33353960396039606;0.10983910891089109;0.2521658415841584;0.0906559405940594;0.19306930693069307;0.27413366336633666;0.09467821782178218;0.07023514851485149;0.07673267326732673;0.18533415841584158;0.05693069306930693;0.07642326732673267;0.11076732673267327;0.04486386138613861;0.009900990099009901;0.9047029702970297;0.0853960396039604;0.0;0.0;0.0;0.0;0.0;0.0;0.0;0.009900990099009901;0.009900990099009901;0.0;0.0;0.0;0.0;0.1265470297029703;0.22926980198019803;0.1349009900990099;0.24133663366336633;0.25804455445544555;0.009900990099009901;0.0;0.0;0.0;0.0;0.16058168316831684;0.2651608910891089;0.08632425742574257;0.27042079207920794;0.20761138613861385;0.20111386138613863;0.18873762376237624;0.0609529702970297;0.06002475247524752;0.1469678217821782;0.15810643564356436;0.14016089108910892;0.03403465346534654;0.0;0.009900990099009901;0.78125;0.2088490099009901;0.0;0.0;0.0;0.0;0.0;0.0;0.0;0.009900990099009901;0.04084158415841584;0.0;0.0;0.0;0.0;0.009282178217821782;0.24907178217821782;0.22772277227722773;0.2781559405940594;0.19492574257425743;0.04084158415841584;0.0;0.0;0.0;0.0;0.0003094059405940594;0.27722772277227725;0.2271039603960396;0.27691831683168316;0.1775990099009901;0.1905940594059406;0.21008663366336633;0.1751237623762376;0.15903465346534654;0.18626237623762376;0.038056930693069306;0.0;0.0;0.0;0.04084158415841584;0.7453589108910891;0.21379950495049505;0.0;0.0;0.0;0.0;0.0;0.0;0.0;0.04084158415841584;1
0.26392326732673266;0.30074257425742573;0.02568069306930693;0.08508663366336634;0.09158415841584158;0.08137376237623763;0.07023514851485149;0.034653465346534656;0.0426980198019802;0.004022277227722772;0.5488861386138614;0.12097772277227722;0.10148514851485149;0.07271039603960396;0.0594059405940594;0.03001237623762376;0.040222772277227724;0.019183168316831683;0.004641089108910891;0.0024752475247524753;0.3149752475247525;0.3347772277227723;0.14077970297029702;0.0655940594059406;0.05198019801980198;0.03125;0.03558168316831683;0.018564356435643563;0.004022277227722772;0.0024752475247524753;0.039294554455445545;0.21905940594059406;0.1494430693069307;0.14232673267326731;0.021967821782178217;0.024443069306930694;0.07116336633663366;0.18811881188118812;0.11076732673267327;0.03341584158415842;0.09313118811881188;0.18038366336633663;0.1327351485148515;0.07766089108910891;0.13025990099009901;0.1463490099009901;0.11633663366336634;0.08415841584158416;0.029393564356435642;0.009591584158415841;0.20853960396039603;0.14573019801980197;0.13830445544554457;0.1342821782178218;0.1655321782178218;0.07858910891089109;0.04795792079207921;0.05971534653465346;0.013923267326732673;0.007425742574257425;0.15222772277227722;0.14665841584158415;0.20173267326732675;0.17481435643564355;0.15810643564356436;0.043316831683168314;0.053217821782178217;0.04084158415841584;0.0213490099009901;0.007735148514851485;0.009900990099009901;0.07178217821782178;0.10922029702970297;0.2020420792079208;0.06002475247524752;0.14913366336633663;0.18564356435643564;0.16058168316831684;0.04238861386138614;0.009282178217821782;0.03125;0.0;0.0;0.0;0.0;0.0;0.04146039603960396;0.5204207920792079;0.2286509900990099;0.1782178217821782;0.03125;0.0;0.0;0.0;0.0;0.0;0.0;0.4319306930693069;0.34034653465346537;0.19647277227722773;0.4560643564356436;0.33972772277227725;0.1729579207920792;0.0;0.0;0.0;0.0;0.0;0.0;0.03125;0.7543316831683168;0.21441831683168316;0.0;0.0;0.0;0.0;0.0;0.0;0.0;0.03125;0.009900990099009901;0.0;0.0;0.0;0.0838490099009901;0.23793316831683167;0.09405940594059406;0.27351485148514854;0.10024752475247525;0.2004950495049505;0.009900990099009901;0.0;0.0;0.0;0.01051980198019802;0.31435643564356436;0.11417079207920793;0.24721534653465346;0.09653465346534654;0.2073019801980198;0.2651608910891089;0.08879950495049505;0.07209158415841584;0.07549504950495049;0.17945544554455445;0.0609529702970297;0.08415841584158416;0.11540841584158416;0.04857673267326733;0.009900990099009901;0.8948019801980198;0.0952970297029703;0.0;0.0;0.0;0.0;0.0;0.0;0.0;0.009900990099009901;0.009900990099009901;0.0;0.0;0.0;0.0;0.12778465346534654;0.22741336633663367;0.12902227722772278;0.24938118811881188;0.2564975247524752;0.009900990099009901;0.0;0.0;0.0;0.0;0.15222772277227722;0.26330445544554454;0.08787128712871287;0.27970297029702973;0.20699257425742573;0.19306930693069307;0.18688118811881188;0.06373762376237624;0.07456683168316831;0.14449257425742573;0.1547029702970297;0.13892326732673269;0.03372524752475248;0.0;0.009900990099009901;0.7892945544554455;0.19956683168316833;0.0012376237623762376;0.0;0.0;0.0;0.0;0.0;0.0;0.009900990099009901;0.04084158415841584;0.0;0.0;0.0;0.0;0.006497524752475247;0.2530940594059406;0.21967821782178218;0.2756806930693069;0.2042079207920792;0.04084158415841584;0.0;0.0;0.0;0.0;0.0;0.28094059405940597;0.22926980198019803;0.2756806930693069;0.17326732673267325;0.20915841584158415;0.19771039603960397;0.18873762376237624;0.14108910891089108;0.18935643564356436;0.03310643564356436;0.0;0.0;0.0;0.04084158415841584;0.6503712871287128;0.3087871287128713;0.0;0.0;0.0;0.0;0.0;0.0;0.0;0.04084158415841584;1
0.3910891089108911;0.18564356435643564;0.03341584158415842;0.0708539603960396;0.08941831683168316;0.07456683168316831;0.07301980198019802;0.038985148514851485;0.039603960396039604;0.0034034653465346535;0.5566212871287128;0.11788366336633663;0.09344059405940594;0.0655940594059406;0.06157178217821782;0.03032178217821782;0.0327970297029703;0.0327970297029703;0.0049504950495049506;0.004022277227722772;0.2948638613861386;0.3558168316831683;0.1296410891089109;0.06280940594059406;0.055074257425742575;0.03155940594059406;0.03372524752475248;0.027846534653465347;0.005878712871287129;0.0027846534653465345;0.055693069306930694;0.15841584158415842;0.17698019801980197;0.15408415841584158;0.03527227722772277;0.024133663366336634;0.06683168316831684;0.14882425742574257;0.1454207920792079;0.0343440594059406;0.08292079207920793;0.16955445544554457;0.13211633663366337;0.0891089108910891;0.1219059405940594;0.15810643564356436;0.12283415841584158;0.08415841584158416;0.03186881188118812;0.007425742574257425;0.18657178217821782;0.14882425742574257;0.1463490099009901;0.13892326732673269;0.16646039603960397;0.08415841584158416;0.04826732673267327;0.05693069306930693;0.017945544554455444;0.005569306930693069;0.20451732673267325;0.15655940594059406;0.1983292079207921;0.1655321782178218;0.12004950495049505;0.04857673267326733;0.04362623762376237;0.038985148514851485;0.018254950495049504;0.005569306930693069;0.017326732673267328;0.053836633663366336;0.11107673267326733;0.19554455445544555;0.07301980198019802;0.15408415841584158;0.18100247524752475;0.16646039603960397;0.039603960396039604;0.008044554455445545;0.03125;0.0;0.0;0.0;0.0;0.0;0.05754950495049505;0.5436262376237624;0.22153465346534654;0.14603960396039603;0.03125;0.0;0.0;0.0;0.0;0.0;0.0;0.4310024752475248;0.3567450495049505;0.18100247524752475;0.4625618811881188;0.34405940594059403;0.16212871287128713;0.0;0.0;0.0;0.0;0.0;0.0;0.03125;0.7957920792079208;0.1729579207920792;0.0;0.0;0.0;0.0;0.0;0.0;0.0;0.03125;0.009900990099009901;0.0;0.0;0.0;0.07332920792079207;0.22586633663366337;0.09777227722772278;0.26949257425742573;0.10612623762376237;0.21751237623762376;0.009900990099009901;0.0;0.0;0.0;0.008972772277227722;0.2957920792079208;0.11974009900990099;0.24102722772277227;0.1021039603960396;0.22246287128712872;0.2623762376237624;0.08818069306930693;0.0655940594059406;0.07642326732673267;0.17202970297029702;0.06342821782178218;0.08663366336633663;0.1219059405940594;0.053527227722772276;0.009900990099009901;0.8852103960396039;0.10488861386138613;0.0;0.0;0.0;0.0;0.0;0.0;0.0;0.009900990099009901;0.009900990099009901;0.0;0.0;0.0;0.0;0.15377475247524752;0.2063737623762376;0.1234529702970297;0.27042079207920794;0.23607673267326731;0.009900990099009901;0.0;0.0;0.0;0.0;0.17233910891089108;0.23824257425742573;0.09746287128712872;0.2871287128712871;0.19492574257425743;0.1797648514851485;0.18347772277227722;0.06899752475247525;0.07951732673267327;0.15222772277227722;0.15563118811881188;0.13675742574257427;0.03372524752475248;0.0;0.009900990099009901;0.8570544554455446;0.13304455445544555;0.0;0.0;0.0;0.0;0.0;0.0;0.0;0.009900990099009901;0.04084158415841584;0.0;0.0;0.0;0.0;0.004022277227722772;0.2469059405940594;0.21936881188118812;0.2592821782178218;0.2295792079207921;0.04084158415841584;0.0;0.0;0.0;0.0;0.0;0.2939356435643564;0.22772277227722773;0.28991336633663367;0.14758663366336633;0.22122524752475248;0.19863861386138615;0.20451732673267325;0.12252475247524752;0.17728960396039603;0.034962871287128716;0.0;0.0;0.0;0.04084158415841584;0.6599628712871287;0.29919554455445546;0.0;0.0;0.0;0.0;0.0;0.0;0.0;0.04084158415841584;1
0.307449494949495;0.2316919191919192;0.03756313131313131;0.07575757575757576;0.0845959595959596;0.08175505050505051;0.07922979797979798;0.04734848484848485;0.02556818181818182;0.02904040404040404;0.4273989898989899;0.18781565656565657;0.14551767676767677;0.058712121212121215;0.06534090909090909;0.038825757575757576;0.023989898989898988;0.020517676767676768;0.028409090909090908;0.003472222222222222;0.13952020202020202;0.4788510101010101;0.15625;0.06881313131313131;0.05113636363636364;0.037247474747474744;0.020517676767676768;0.02241161616161616;0.023674242424242424;0.0015782828282828283;0.06755050505050506;0.16887626262626262;0.1537247474747475;0.13952020202020202;0.023042929292929292;0.041666666666666664;0.0836489898989899;0.1587752525252525;0.1351010101010101;0.028093434343434344;0.07133838383838384;0.21369949494949494;0.15151515151515152;0.08301767676767677;0.11079545454545454;0.11994949494949494;0.11900252525252525;0.06723484848484848;0.05176767676767677;0.01167929292929293;0.2556818181818182;0.1597222222222222;0.13131313131313133;0.12531565656565657;0.14741161616161616;0.06029040404040404;0.037247474747474744;0.05744949494949495;0.017045454545454544;0.008522727272727272;0.020517676767676768;0.2900883838383838;0.18813131313131312;0.16540404040404041;0.16319444444444445;0.059343434343434344;0.026199494949494948;0.05839646464646465;0.020833333333333332;0.007891414141414142;0.017676767676767676;0.07481060606060606;0.12878787878787878;0.21654040404040403;0.06881313131313131;0.12152777777777778;0.17613636363636365;0.12910353535353536;0.059027777777777776;0.007575757575757576;0.03125;0.0;0.0;0.0;0.0;0.0;0.05744949494949495;0.49242424242424243;0.2471590909090909;0.1717171717171717;0.03125;0.0;0.0;0.0;0.0;0.0;0.0;0.41571969696969696;0.3418560606060606;0.21117424242424243;0.40309343434343436;0.3611111111111111;0.20422979797979798;0.0003156565656565657;0.0;0.0;0.0;0.0;0.0;0.03125;0.7231691919191919;0.2455808080808081;0.0;0.0;0.0;0.0;0.0;0.0;0.0;0.03125;0.010101010101010102;0.0;0.0;0.0;0.09248737373737374;0.2673611111111111;0.08522727272727272;0.28345959595959597;0.09122474747474747;0.1701388888888889;0.010101010101010102;0.0;0.0;0.0;0.015782828282828284;0.3390151515151515;0.11047979797979798;0.2654671717171717;0.08712121212121213;0.1720328282828283;0.29198232323232326;0.09501262626262626;0.06439393939393939;0.09185606060606061;0.18087121212121213;0.054924242424242424;0.07039141414141414;0.10669191919191919;0.03377525252525253;0.010101010101010102;0.9220328282828283;0.06786616161616162;0.0;0.0;0.0;0.0;0.0;0.0;0.0;0.010101010101010102;0.010101010101010102;0.0;0.0;0.0;0.0;0.15498737373737373;0.20801767676767677;0.13731060606060605;0.22916666666666666;0.2604166666666667;0.010101010101010102;0.0;0.0;0.0;0.0;0.16540404040404041;0.26073232323232326;0.07733585858585859;0.2657828282828283;0.2206439393939394;0.18529040404040403;0.1994949494949495;0.06281565656565656;0.06912878787878787;0.13226010101010102;0.13636363636363635;0.16603535353535354;0.03851010101010101;0.0;0.010101010101010102;0.8607954545454546;0.12910353535353536;0.0;0.0;0.0;0.0;0.0;0.0;0.0;0.010101010101010102;0.041035353535353536;0.0;0.0;0.0;0.0;0.007891414141414142;0.2342171717171717;0.22727272727272727;0.2809343434343434;0.2086489898989899;0.041035353535353536;0.0;0.0;0.0;0.0;0.0;0.2566287878787879;0.24684343434343434;0.29797979797979796;0.15751262626262627;0.18339646464646464;0.20517676767676768;0.20012626262626262;0.15119949494949494;0.18213383838383837;0.036931818181818184;0.0;0.0;0.0;0.041035353535353536;0.6549873737373737;0.3039772727272727;0.0;0.0;0.0;0.0;0.0;0.0;0.0;0.041035353535353536;1
0.47875;0.075;0.045625;0.0903125;0.0921875;0.0759375;0.0678125;0.031875;0.0390625;0.0034375;0.4975;0.1396875;0.13625;0.0640625;0.066875;0.0271875;0.03125;0.02875;0.0065625;0.001875;0.313125;0.321875;0.155625;0.069375;0.05125;0.02875;0.0315625;0.023125;0.0034375;0.001875;0.06375;0.1575;0.16;0.1434375;0.03;0.04375;0.09375;0.1815625;0.1071875;0.0190625;0.1378125;0.176875;0.12625;0.0796875;0.0940625;0.15125;0.0990625;0.0746875;0.046875;0.0134375;0.2409375;0.1584375;0.1275;0.125;0.1484375;0.07;0.0490625;0.0578125;0.0125;0.0103125;0.0159375;0.26875;0.1915625;0.1890625;0.139375;0.06375;0.0440625;0.0571875;0.0196875;0.010625;0.025;0.059375;0.1428125;0.1640625;0.078125;0.120625;0.1434375;0.1909375;0.0640625;0.0115625;0.03125;0.0;0.0;0.0;0.0;0.0;0.0628125;0.49875;0.25625;0.1509375;0.03125;0.0;0.0;0.0;0.0;0.0;0.0;0.4384375;0.3334375;0.196875;0.4146875;0.355;0.19875;0.0003125;0.0;0.0;0.0;0.0;0.0;0.03125;0.8184375;0.1503125;0.0;0.0;0.0;0.0;0.0;0.0;0.0;0.03125;0.01;0.0;0.0;0.0;0.0984375;0.2678125;0.07875;0.279375;0.095;0.170625;0.01;0.0;0.0;0.0;0.0021875;0.36;0.1071875;0.250625;0.0928125;0.1771875;0.3059375;0.085;0.069375;0.0853125;0.1753125;0.0559375;0.076875;0.104375;0.031875;0.01;0.9153125;0.0746875;0.0;0.0;0.0;0.0;0.0;0.0;0.0;0.01;0.01;0.0;0.0;0.0;0.0;0.1528125;0.2190625;0.14375;0.238125;0.23625;0.01;0.0;0.0;0.0;0.0;0.1709375;0.27;0.080625;0.2728125;0.195625;0.175;0.2153125;0.0678125;0.0759375;0.1340625;0.1415625;0.1509375;0.029375;0.0;0.01;0.8628125;0.1271875;0.0;0.0;0.0;0.0;0.0;0.0;0.0;0.01;0.0409375;0.0;0.0;0.0;0.0;0.006875;0.2540625;0.2278125;0.27625;0.1940625;0.0409375;0.0;0.0;0.0;0.0;0.0;0.2659375;0.24625;0.2725;0.174375;0.1975;0.1990625;0.1959375;0.145625;0.194375;0.0265625;0.0;0.0;0.0;0.0409375;0.758125;0.2009375;0.0;0.0;0.0;0.0;0.0;0.0;0.0;0.0409375;1
0.32023514851485146;0.2484529702970297;0.03155940594059406;0.07611386138613861;0.08849009900990099;0.0708539603960396;0.07920792079207921;0.03712871287128713;0.04362623762376237;0.004331683168316832;0.5006188118811881;0.16058168316831684;0.1051980198019802;0.06837871287128713;0.05631188118811881;0.034653465346534656;0.040532178217821783;0.023824257425742575;0.005878712871287129;0.004022277227722772;0.3180693069306931;0.3270420792079208;0.13768564356435645;0.06466584158415842;0.05754950495049505;0.03310643564356436;0.038366336633663366;0.01608910891089109;0.004331683168316832;0.003094059405940594;0.09467821782178218;0.1608910891089109;0.14913366336633663;0.14511138613861385;0.027537128712871287;0.038985148514851485;0.09096534653465346;0.18007425742574257;0.09622524752475248;0.01639851485148515;0.12004950495049505;0.17388613861386137;0.11726485148514851;0.08292079207920793;0.1036509900990099;0.1547029702970297;0.1150990099009901;0.06466584158415842;0.05724009900990099;0.01051980198019802;0.20513613861386137;0.1608910891089109;0.12933168316831684;0.13675742574257427;0.15563118811881188;0.08323019801980198;0.055074257425742575;0.05785891089108911;0.008972772277227722;0.007116336633663367;0.1745049504950495;0.16027227722772278;0.20761138613861385;0.1630569306930693;0.12438118811881188;0.05290841584158416;0.05012376237623763;0.04795792079207921;0.012376237623762377;0.006806930693069307;0.022277227722772276;0.0838490099009901;0.10334158415841584;0.1655321782178218;0.06002475247524752;0.10426980198019802;0.16027227722772278;0.16150990099009901;0.11448019801980198;0.024443069306930694;0.03125;0.0;0.0;0.0;0.0;0.0;0.07920792079207921;0.5321782178217822;0.23576732673267325;0.12159653465346534;0.03125;0.0;0.0;0.0;0.0;0.0;0.0;0.4916460396039604;0.3155940594059406;0.16150990099009901;0.463490099009901;0.3381806930693069;0.16676980198019803;0.0003094059405940594;0.0;0.0;0.0;0.0;0.0;0.03125;0.7939356435643564;0.17481435643564355;0.0;0.0;0.0;0.0;0.0;0.0;0.0;0.03125;0.009900990099009901;0.0;0.0;0.0;0.07580445544554455;0.23886138613861385;0.0891089108910891;0.2698019801980198;0.11262376237623763;0.20389851485148514;0.009900990099009901;0.0;0.0;0.0;0.01516089108910891;0.30383663366336633;0.1150990099009901;0.2527846534653465;0.10179455445544554;0.20142326732673269;0.265779702970297;0.08261138613861387;0.07301980198019802;0.08415841584158416;0.17048267326732675;0.06157178217821782;0.09436881188118812;0.11695544554455446;0.0411509900990099;0.009900990099009901;0.9025371287128713;0.0875618811881188;0.0;0.0;0.0;0.0;0.0;0.0;0.0;0.009900990099009901;0.009900990099009901;0.0;0.0;0.0;0.0;0.14077970297029702;0.21163366336633663;0.12469059405940594;0.2614480198019802;0.25154702970297027;0.009900990099009901;0.0;0.0;0.0;0.0;0.15965346534653466;0.25123762376237624;0.08879950495049505;0.28620049504950495;0.2042079207920792;0.17264851485148514;0.18997524752475248;0.06930693069306931;0.08787128712871287;0.1438737623762376;0.14139851485148514;0.15222772277227722;0.0327970297029703;0.0;0.009900990099009901;0.8657178217821783;0.12438118811881188;0.0;0.0;0.0;0.0;0.0;0.0;0.0;0.009900990099009901;0.04084158415841584;0.0;0.0;0.0;0.0;0.005569306930693069;0.24443069306930693;0.2271039603960396;0.2599009900990099;0.22215346534653466;0.04084158415841584;0.0;0.0;0.0;0.0;0.0;0.3001237623762376;0.23886138613861385;0.2868193069306931;0.1333539603960396;0.2218440594059406;0.19616336633663367;0.19771039603960397;0.12716584158415842;0.18378712871287128;0.03248762376237624;0.0;0.0;0.0;0.04084158415841584;0.29207920792079206;0.6670792079207921;0.0;0.0;0.0;0.0;0.0;0.0;0.0;0.04084158415841584;1
0.4158415841584158;0.1500618811881188;0.038675742574257425;0.08137376237623763;0.08261138613861387;0.07982673267326733;0.07023514851485149;0.04176980198019802;0.03589108910891089;0.0037128712871287127;0.5464108910891089;0.11417079207920793;0.11788366336633663;0.06435643564356436;0.06033415841584158;0.027537128712871287;0.038366336633663366;0.023205445544554455;0.0049504950495049506;0.0027846534653465345;0.3208539603960396;0.32271039603960394;0.14263613861386137;0.0686881188118812;0.05662128712871287;0.03001237623762376;0.037747524752475246;0.01516089108910891;0.003094059405940594;0.0024752475247524753;0.0906559405940594;0.1500618811881188;0.15872524752475248;0.15563118811881188;0.023205445544554455;0.0671410891089109;0.10241336633663366;0.18966584158415842;0.053527227722772276;0.008972772277227722;0.1813118811881188;0.16738861386138615;0.10148514851485149;0.08941831683168316;0.09622524752475248;0.13087871287128713;0.10767326732673267;0.07363861386138613;0.040532178217821783;0.011448019801980198;0.2280321782178218;0.1624381188118812;0.12685643564356436;0.13242574257425743;0.14758663366336633;0.07487623762376237;0.050433168316831686;0.058787128712871284;0.01021039603960396;0.008353960396039604;0.10334158415841584;0.19709158415841585;0.18688118811881188;0.17326732673267325;0.16212871287128713;0.053527227722772276;0.039294554455445545;0.05816831683168317;0.018254950495049504;0.008044554455445545;0.012376237623762377;0.08446782178217822;0.11540841584158416;0.18378712871287128;0.06837871287128713;0.09715346534653466;0.16150990099009901;0.1729579207920792;0.08818069306930693;0.01577970297029703;0.03125;0.0;0.0;0.0;0.0;0.0;0.05816831683168317;0.5201113861386139;0.25123762376237624;0.13923267326732675;0.03125;0.0;0.0;0.0;0.0;0.0;0.0;0.4625618811881188;0.3245668316831683;0.18162128712871287;0.42698019801980197;0.35705445544554454;0.18378712871287128;0.0009282178217821782;0.0;0.0;0.0;0.0;0.0;0.03125;0.7633044554455446;0.20544554455445543;0.0;0.0;0.0;0.0;0.0;0.0;0.0;0.03125;0.009900990099009901;0.0;0.0;0.0;0.08601485148514851;0.25402227722772275;0.08199257425742575;0.2787747524752475;0.10396039603960396;0.18533415841584158;0.009900990099009901;0.0;0.0;0.0;0.018873762376237623;0.32301980198019803;0.11014851485148515;0.2636138613861386;0.0906559405940594;0.18378712871287128;0.2868193069306931;0.08168316831683169;0.0708539603960396;0.0922029702970297;0.17141089108910892;0.058787128712871284;0.08292079207920793;0.10736386138613861;0.038056930693069306;0.009900990099009901;0.9443069306930693;0.04579207920792079;0.0;0.0;0.0;0.0;0.0;0.0;0.0;0.009900990099009901;0.009900990099009901;0.0;0.0;0.0;0.0;0.14263613861386137;0.21225247524752475;0.1379950495049505;0.24783415841584158;0.24938118811881188;0.009900990099009901;0.0;0.0;0.0;0.0;0.16986386138613863;0.2537128712871287;0.08879950495049505;0.27629950495049505;0.20142326732673269;0.1745049504950495;0.20173267326732675;0.0655940594059406;0.08075495049504951;0.1395420792079208;0.14016089108910892;0.1547029702970297;0.03310643564356436;0.0;0.009900990099009901;0.7818688118811881;0.20823019801980197;0.0;0.0;0.0;0.0;0.0;0.0;0.0;0.009900990099009901;0.04084158415841584;0.0;0.0;0.0;0.0;0.006188118811881188;0.2484529702970297;0.22988861386138615;0.27970297029702973;0.19492574257425743;0.04084158415841584;0.0;0.0;0.0;0.0;0.0;0.2787747524752475;0.24412128712871287;0.2849628712871287;0.15129950495049505;0.2249381188118812;0.1936881188118812;0.18471534653465346;0.15129950495049505;0.17543316831683167;0.029084158415841586;0.0;0.0;0.0;0.04084158415841584;0.6865717821782178;0.27258663366336633;0.0;0.0;0.0;0.0;0.0;0.0;0.0;0.04084158415841584;1
0.3984375;0.159375;0.03;0.095625;0.0884375;0.065625;0.0796875;0.03625;0.0396875;0.006875;0.510625;0.141875;0.125625;0.0678125;0.060625;0.02875;0.023125;0.0309375;0.008125;0.0025;0.5096875;0.180625;0.11;0.06125;0.0515625;0.0309375;0.0265625;0.0234375;0.0040625;0.001875;0.0978125;0.1615625;0.2265625;0.0615625;0.026875;0.0775;0.10625;0.1778125;0.0546875;0.009375;0.209375;0.1678125;0.0965625;0.0865625;0.096875;0.1325;0.0909375;0.07125;0.036875;0.01125;0.261875;0.16625;0.1209375;0.12625;0.1390625;0.066875;0.045;0.0553125;0.0103125;0.008125;0.2271875;0.1584375;0.19875;0.16625;0.1071875;0.0315625;0.0471875;0.0428125;0.0128125;0.0078125;0.03125;0.134375;0.1040625;0.185;0.053125;0.09875;0.1475;0.1540625;0.0721875;0.0196875;0.03125;0.0;0.0;0.0;0.0;0.0;0.0690625;0.4896875;0.258125;0.151875;0.03125;0.0;0.0;0.0;0.0;0.0;0.0;0.44;0.328125;0.200625;0.42125;0.34875;0.19875;0.0;0.0;0.0;0.0;0.0;0.0;0.03125;0.66875;0.3;0.0;0.0;0.0;0.0;0.0;0.0;0.0;0.03125;0.01;0.0;0.0;0.0;0.0953125;0.2525;0.0878125;0.2834375;0.1034375;0.1675;0.01;0.0;0.0;0.0;0.023125;0.326875;0.1103125;0.2709375;0.0896875;0.1690625;0.291875;0.09125;0.0640625;0.1015625;0.1715625;0.0546875;0.0865625;0.0925;0.0359375;0.01;0.90625;0.08375;0.0;0.0;0.0;0.0;0.0;0.0;0.0;0.01;0.01;0.0;0.0;0.0;0.0;0.148125;0.2015625;0.133125;0.24625;0.2609375;0.01;0.0;0.0;0.0;0.0;0.1765625;0.24;0.084375;0.2765625;0.2125;0.1803125;0.1965625;0.0590625;0.071875;0.1378125;0.1475;0.15875;0.038125;0.0;0.01;0.7896875;0.2003125;0.0;0.0;0.0;0.0;0.0;0.0;0.0;0.01;0.0409375;0.0;0.0;0.0;0.0;0.0084375;0.2265625;0.24875;0.2546875;0.220625;0.0409375;0.0;0.0;0.0;0.0;0.0;0.25375;0.2521875;0.2871875;0.1659375;0.2071875;0.190625;0.1903125;0.1540625;0.184375;0.0325;0.0;0.0;0.0;0.0409375;0.6734375;0.285625;0.0;0.0;0.0;0.0;0.0;0.0;0.0;0.0409375;1
0.37004950495049505;0.2020420792079208;0.028465346534653466;0.08601485148514851;0.09096534653465346;0.08168316831683169;0.06280940594059406;0.0525990099009901;0.018564356435643563;0.006806930693069307;0.505259900990099;0.16274752475247525;0.09746287128712872;0.07116336633663366;0.05198019801980198;0.034653465346534656;0.040222772277227724;0.025371287128712873;0.006806930693069307;0.004331683168316832;0.3966584158415842;0.27660891089108913;0.11478960396039604;0.07271039603960396;0.040532178217821783;0.03155940594059406;0.039913366336633664;0.01701732673267327;0.006188118811881188;0.004022277227722772;0.0049504950495049506;0.21534653465346534;0.28032178217821785;0.06064356435643564;0.022586633663366336;0.023824257425742575;0.09591584158415842;0.15625;0.0999381188118812;0.040222772277227724;0.10179455445544554;0.1890470297029703;0.11757425742574257;0.10891089108910891;0.12314356435643564;0.15068069306930693;0.1021039603960396;0.07920792079207921;0.021967821782178217;0.005569306930693069;0.1890470297029703;0.1707920792079208;0.14356435643564355;0.16738861386138615;0.14727722772277227;0.058787128712871284;0.07054455445544554;0.03620049504950495;0.011757425742574257;0.004641089108910891;0.16336633663366337;0.20451732673267325;0.16491336633663367;0.18502475247524752;0.1188118811881188;0.04641089108910891;0.07518564356435643;0.03063118811881188;0.007735148514851485;0.0034034653465346535;0.018564356435643563;0.0853960396039604;0.056002475247524754;0.15501237623762376;0.08570544554455446;0.11478960396039604;0.1859529702970297;0.22122524752475248;0.06280940594059406;0.014542079207920793;0.03125;0.0;0.0;0.0;0.0;0.0;0.023824257425742575;0.5900371287128713;0.20544554455445543;0.1494430693069307;0.03125;0.0;0.0;0.0;0.0;0.0;0.0;0.390779702970297;0.4087252475247525;0.1692450495049505;0.3839727722772277;0.41800742574257427;0.16676980198019803;0.0;0.0;0.0;0.0;0.0;0.0;0.03125;0.8159034653465347;0.15284653465346534;0.0;0.0;0.0;0.0;0.0;0.0;0.0;0.03125;0.009900990099009901;0.0;0.0;0.0;0.06775990099009901;0.2332920792079208;0.10117574257425743;0.2645420792079208;0.11169554455445545;0.21163366336633663;0.009900990099009901;0.0;0.0;0.0;0.0327970297029703;0.2834158415841584;0.11943069306930693;0.25123762376237624;0.11076732673267327;0.19245049504950495;0.2400990099009901;0.08787128712871287;0.08415841584158416;0.06311881188118812;0.18688118811881188;0.07209158415841584;0.10396039603960396;0.11014851485148515;0.04176980198019802;0.009900990099009901;0.8978960396039604;0.0922029702970297;0.0;0.0;0.0;0.0;0.0;0.0;0.0;0.009900990099009901;0.009900990099009901;0.0;0.0;0.0;0.0;0.15563118811881188;0.20018564356435645;0.11788366336633663;0.2787747524752475;0.2376237623762376;0.009900990099009901;0.0;0.0;0.0;0.0;0.18997524752475248;0.22617574257425743;0.14356435643564355;0.2595915841584158;0.1707920792079208;0.15594059405940594;0.1859529702970297;0.08972772277227722;0.07611386138613861;0.15965346534653466;0.1448019801980198;0.15253712871287128;0.025371287128712873;0.0;0.009900990099009901;0.8183787128712872;0.17172029702970298;0.0;0.0;0.0;0.0;0.0;0.0;0.0;0.009900990099009901;0.04084158415841584;0.0;0.0;0.0;0.0;0.01051980198019802;0.2469059405940594;0.23978960396039603;0.25711633663366334;0.20482673267326731;0.04084158415841584;0.0;0.0;0.0;0.0;0.0;0.2905321782178218;0.2484529702970297;0.2568069306930693;0.16336633663366337;0.20358910891089108;0.21813118811881188;0.18811881188118812;0.1364480198019802;0.17636138613861385;0.03650990099009901;0.0;0.0;0.0;0.04084158415841584;0.6092202970297029;0.3499381188118812;0.0;0.0;0.0;0.0;0.0;0.0;0.0;0.04084158415841584;1
0.3875;0.176875;0.034375;0.0909375;0.0909375;0.08;0.0640625;0.0384375;0.0334375;0.0034375;0.4484375;0.2078125;0.1178125;0.0684375;0.0625;0.025;0.0321875;0.0315625;0.0040625;0.0021875;0.17;0.465625;0.153125;0.0753125;0.0446875;0.0234375;0.0359375;0.0240625;0.0059375;0.001875;0.095;0.155625;0.246875;0.068125;0.0140625;0.0409375;0.1778125;0.131875;0.06125;0.0084375;0.1303125;0.2225;0.10125;0.1090625;0.109375;0.12625;0.08625;0.0821875;0.024375;0.0084375;0.2234375;0.16375;0.16125;0.1278125;0.14125;0.061875;0.05625;0.0478125;0.010625;0.0059375;0.19625;0.1753125;0.17875;0.15875;0.1340625;0.0346875;0.0575;0.0425;0.0159375;0.00625;0.01875;0.12;0.0571875;0.1928125;0.0796875;0.104375;0.15125;0.1990625;0.0653125;0.0115625;0.03125;0.0;0.0;0.0;0.0;0.0;0.0171875;0.5578125;0.205;0.18875;0.03125;0.0;0.0;0.0;0.0;0.0;0.0;0.3065625;0.438125;0.2240625;0.3634375;0.41125;0.1940625;0.0;0.0;0.0;0.0;0.0;0.0;0.03125;0.886875;0.081875;0.0;0.0;0.0;0.0;0.0;0.0;0.0;0.03125;0.01;0.0;0.0;0.0;0.0690625;0.276875;0.0915625;0.2784375;0.1003125;0.17375;0.01;0.0;0.0;0.0;0.0453125;0.310625;0.10875;0.2653125;0.0984375;0.1615625;0.2496875;0.10875;0.08375;0.0765625;0.1878125;0.061875;0.0959375;0.0959375;0.0296875;0.01;0.9171875;0.0728125;0.0;0.0;0.0;0.0;0.0;0.0;0.0;0.01;0.01;0.0;0.0;0.0;0.0;0.1740625;0.1965625;0.1240625;0.260625;0.2346875;0.01;0.0;0.0;0.0;0.0;0.19;0.2403125;0.105625;0.2809375;0.173125;0.1821875;0.18625;0.0790625;0.0684375;0.1490625;0.14625;0.155;0.02375;0.0;0.01;0.81;0.18;0.0;0.0;0.0;0.0;0.0;0.0;0.0;0.01;0.0409375;0.0;0.0;0.0;0.0;0.009375;0.261875;0.2496875;0.2596875;0.1784375;0.0409375;0.0;0.0;0.0;0.0;0.0003125;0.2859375;0.24875;0.2859375;0.138125;0.2125;0.1915625;0.2178125;0.125625;0.1828125;0.02875;0.0;0.0;0.0;0.0409375;0.6959375;0.263125;0.0;0.0;0.0;0.0;0.0;0.0;0.0;0.0409375;1
0.2113970588235294;0.3443627450980392;0.028799019607843136;0.08486519607843138;0.09589460784313726;0.07904411764705882;0.06433823529411764;0.04534313725490196;0.03462009803921569;0.01133578431372549;0.4479166666666667;0.1801470588235294;0.1256127450980392;0.06832107843137254;0.06004901960784314;0.03216911764705882;0.03768382352941176;0.030330882352941176;0.00980392156862745;0.007965686274509803;0.41973039215686275;0.2349877450980392;0.12837009803921567;0.07506127450980392;0.03860294117647059;0.03002450980392157;0.03952205882352941;0.017463235294117647;0.008272058823529412;0.007965686274509803;0.08639705882352941;0.14491421568627452;0.23897058823529413;0.08854166666666667;0.014705882352941176;0.0272671568627451;0.13633578431372548;0.16482843137254902;0.09313725490196079;0.004901960784313725;0.15257352941176472;0.1795343137254902;0.09558823529411764;0.12377450980392157;0.11213235294117647;0.12745098039215685;0.09466911764705882;0.08149509803921569;0.02420343137254902;0.00857843137254902;0.20680147058823528;0.16942401960784315;0.13357843137254902;0.1403186274509804;0.15502450980392157;0.0585171568627451;0.05422794117647059;0.05606617647058824;0.018075980392156864;0.007965686274509803;0.20128676470588236;0.16697303921568626;0.1559436274509804;0.20098039215686275;0.10998774509803921;0.03308823529411765;0.07873774509803921;0.03370098039215686;0.012254901960784314;0.0070465686274509805;0.006127450980392157;0.10784313725490197;0.09037990196078431;0.16697303921568626;0.09558823529411764;0.13480392156862744;0.23345588235294118;0.11979166666666667;0.03982843137254902;0.005208333333333333;0.03125;0.0;0.0;0.0;0.0;0.0;0.01838235294117647;0.585171568627451;0.21415441176470587;0.15104166666666666;0.03125;0.0;0.0;0.0;0.0;0.0;0.0;0.3284313725490196;0.45955882352941174;0.18075980392156862;0.3799019607843137;0.4227941176470588;0.16605392156862744;0.0;0.0;0.0;0.0;0.0;0.0;0.03125;0.9157475490196079;0.053002450980392156;0.0;0.0;0.0;0.0;0.0;0.0;0.0;0.03125;0.00980392156862745;0.0;0.0;0.0;0.057904411764705885;0.2610294117647059;0.08946078431372549;0.27328431372549017;0.10692401960784313;0.20159313725490197;0.00980392156862745;0.0;0.0;0.0;0.04381127450980392;0.2913602941176471;0.1133578431372549;0.2493872549019608;0.109375;0.18290441176470587;0.23314950980392157;0.10263480392156862;0.08823529411764706;0.06832107843137254;0.18259803921568626;0.06433823529411764;0.1096813725490196;0.10814950980392157;0.03308823529411765;0.00980392156862745;0.9037990196078431;0.08639705882352941;0.0;0.0;0.0;0.0;0.0;0.0;0.0;0.00980392156862745;0.00980392156862745;0.0;0.0;0.0;0.0;0.1565563725490196;0.20526960784313725;0.12591911764705882;0.2778799019607843;0.22457107843137256;0.00980392156862745;0.0;0.0;0.0;0.0;0.18075980392156862;0.24632352941176472;0.11948529411764706;0.28339460784313725;0.16023284313725492;0.18474264705882354;0.18872549019607843;0.07322303921568628;0.07873774509803921;0.15226715686274508;0.16850490196078433;0.12193627450980392;0.022058823529411766;0.0;0.00980392156862745;0.8305759803921569;0.15962009803921567;0.0;0.0;0.0;0.0;0.0;0.0;0.0;0.00980392156862745;0.040747549019607844;0.0;0.0;0.0;0.0;0.009497549019607842;0.2545955882352941;0.23988970588235295;0.24785539215686275;0.20741421568627452;0.040747549019607844;0.0;0.0;0.0;0.0;0.0009191176470588235;0.2971813725490196;0.24908088235294118;0.25643382352941174;0.1556372549019608;0.25153186274509803;0.18964460784313725;0.2025122549019608;0.12285539215686274;0.16697303921568626;0.025735294117647058;0.0;0.0;0.0;0.040747549019607844;0.7784926470588235;0.18075980392156862;0.0;0.0;0.0;0.0;0.0;0.0;0.0;0.040747549019607844;1
0.2340686274509804;0.33486519607843135;0.022365196078431373;0.0821078431372549;0.09436274509803921;0.07383578431372549;0.06495098039215687;0.044730392156862746;0.034926470588235295;0.013786764705882353;0.40349264705882354;0.2184436274509804;0.12653186274509803;0.0628063725490196;0.06403186274509803;0.03553921568627451;0.03982843137254902;0.030637254901960783;0.008884803921568627;0.00980392156862745;0.43964460784313725;0.22365196078431374;0.11764705882352941;0.06770833333333333;0.042279411764705885;0.03308823529411765;0.0389093137254902;0.018995098039215685;0.008272058823529412;0.00980392156862745;0.10202205882352941;0.14583333333333334;0.21292892156862744;0.11151960784313726;0.014399509803921568;0.026041666666666668;0.1409313725490196;0.15962009803921567;0.08302696078431372;0.003676470588235294;0.14981617647058823;0.18290441176470587;0.09191176470588236;0.09803921568627451;0.12316176470588236;0.16023284313725492;0.0778186274509804;0.09283088235294118;0.01715686274509804;0.006127450980392157;0.19148284313725492;0.17340686274509803;0.15012254901960784;0.13541666666666666;0.15134803921568626;0.06495098039215687;0.05330882352941176;0.057291666666666664;0.01715686274509804;0.0055147058823529415;0.18872549019607843;0.17432598039215685;0.1642156862745098;0.19852941176470587;0.11121323529411764;0.03462009803921569;0.08394607843137254;0.03002450980392157;0.00980392156862745;0.004595588235294118;0.011029411764705883;0.10416666666666667;0.0545343137254902;0.18106617647058823;0.07904411764705882;0.09926470588235294;0.23161764705882354;0.15533088235294118;0.07567401960784313;0.008272058823529412;0.03125;0.0;0.0;0.0;0.0;0.0;0.049019607843137254;0.6035539215686274;0.19791666666666666;0.11825980392156862;0.03125;0.0;0.0;0.0;0.0;0.0;0.0;0.4105392156862745;0.40012254901960786;0.15808823529411764;0.4117647058823529;0.4050245098039216;0.15196078431372548;0.0;0.0;0.0;0.0;0.0;0.0;0.03125;0.7616421568627451;0.20710784313725492;0.0;0.0;0.0;0.0;0.0;0.0;0.0;0.03125;0.00980392156862745;0.0;0.0;0.0;0.06556372549019608;0.23927696078431374;0.08854166666666667;0.27481617647058826;0.10600490196078431;0.21599264705882354;0.00980392156862745;0.0;0.0;0.0;0.0428921568627451;0.2806372549019608;0.11427696078431372;0.24509803921568626;0.11672794117647059;0.19056372549019607;0.22579656862745098;0.10079656862745098;0.08854166666666667;0.06862745098039216;0.17647058823529413;0.0664828431372549;0.11795343137254902;0.11274509803921569;0.03278186274509804;0.00980392156862745;0.8921568627450981;0.09803921568627451;0.0;0.0;0.0;0.0;0.0;0.0;0.0;0.00980392156862745;0.00980392156862745;0.0;0.0;0.0;0.0;0.16482843137254902;0.20067401960784315;0.12837009803921567;0.2824754901960784;0.21384803921568626;0.00980392156862745;0.0;0.0;0.0;0.0;0.18198529411764705;0.23621323529411764;0.13388480392156862;0.2775735294117647;0.16053921568627452;0.18474264705882354;0.18933823529411764;0.07261029411764706;0.08517156862745098;0.15716911764705882;0.17279411764705882;0.1130514705882353;0.015318627450980392;0.0;0.00980392156862745;0.8360906862745098;0.15410539215686275;0.0;0.0;0.0;0.0;0.0;0.0;0.0;0.00980392156862745;0.040747549019607844;0.0;0.0;0.0;0.0;0.006127450980392157;0.2757352941176471;0.22732843137254902;0.24724264705882354;0.2028186274509804;0.040747549019607844;0.0;0.0;0.0;0.0;0.0;0.3091299019607843;0.23713235294117646;0.24571078431372548;0.16727941176470587;0.26776960784313725;0.19087009803921567;0.20128676470588236;0.11397058823529412;0.16299019607843138;0.022365196078431373;0.0;0.0;0.0;0.040747549019607844;0.6942401960784313;0.2650122549019608;0.0;0.0;0.0;0.0;0.0;0.0;0.0;0.040747549019607844;1
0.2119430693069307;0.37066831683168316;0.023824257425742575;0.06497524752475248;0.10488861386138613;0.07580445544554455;0.06002475247524752;0.05198019801980198;0.025061881188118813;0.010829207920792078;0.41027227722772275;0.21813118811881188;0.12438118811881188;0.0594059405940594;0.06497524752475248;0.038366336633663366;0.039603960396039604;0.028774752475247526;0.008972772277227722;0.007116336633663367;0.4399752475247525;0.2271039603960396;0.11571782178217822;0.06745049504950495;0.04393564356435643;0.0343440594059406;0.039603960396039604;0.01670792079207921;0.007735148514851485;0.007425742574257425;0.02599009900990099;0.2110148514851485;0.21534653465346534;0.125;0.021658415841584157;0.013613861386138614;0.10643564356435643;0.1686262376237624;0.09870049504950495;0.013613861386138614;0.11912128712871287;0.17945544554455445;0.1051980198019802;0.10922029702970297;0.12221534653465346;0.1432549504950495;0.10086633663366337;0.09158415841584158;0.025061881188118813;0.004022277227722772;0.15594059405940594;0.15903465346534654;0.15717821782178218;0.1469678217821782;0.14449257425742573;0.09344059405940594;0.0510519801980198;0.06683168316831684;0.021658415841584157;0.0034034653465346535;0.14882425742574257;0.16027227722772278;0.17419554455445543;0.18224009900990099;0.1469678217821782;0.05012376237623763;0.04981435643564357;0.06280940594059406;0.02073019801980198;0.004022277227722772;0.009900990099009901;0.09344059405940594;0.09653465346534654;0.13087871287128713;0.09653465346534654;0.14077970297029702;0.21349009900990099;0.15532178217821782;0.06033415841584158;0.0027846534653465345;0.03125;0.0;0.0;0.0;0.0;0.0;0.055383663366336634;0.6045792079207921;0.18533415841584158;0.1234529702970297;0.03125;0.0;0.0;0.0;0.0;0.0;0.0;0.494740099009901;0.338490099009901;0.13551980198019803;0.4254331683168317;0.3994430693069307;0.1432549504950495;0.0006188118811881188;0.0;0.0;0.0;0.0;0.0;0.03125;0.6912128712871287;0.2775371287128713;0.0;0.0;0.0;0.0;0.0;0.0;0.0;0.03125;0.009900990099009901;0.0;0.0;0.0;0.054146039603960396;0.22370049504950495;0.0999381188118812;0.2722772277227723;0.11974009900990099;0.2202970297029703;0.009900990099009901;0.0;0.0;0.0;0.038366336633663366;0.26051980198019803;0.12561881188118812;0.2354579207920792;0.13056930693069307;0.19956683168316833;0.20606435643564355;0.09900990099009901;0.09560643564356436;0.07425742574257425;0.1686262376237624;0.0686881188118812;0.13304455445544555;0.10767326732673267;0.03712871287128713;0.009900990099009901;0.875;0.1150990099009901;0.0;0.0;0.0;0.0;0.0;0.0;0.0;0.009900990099009901;0.009900990099009901;0.0;0.0;0.0;0.0;0.15872524752475248;0.19956683168316833;0.12469059405940594;0.3010519801980198;0.20606435643564355;0.009900990099009901;0.0;0.0;0.0;0.0;0.15872524752475248;0.2469059405940594;0.14449257425742573;0.2698019801980198;0.17017326732673269;0.1813118811881188;0.1813118811881188;0.07673267326732673;0.09962871287128713;0.16120049504950495;0.16584158415841585;0.10922029702970297;0.01485148514851485;0.0;0.009900990099009901;0.8171410891089109;0.1729579207920792;0.0;0.0;0.0;0.0;0.0;0.0;0.0;0.009900990099009901;0.04084158415841584;0.0;0.0;0.0;0.0;0.002165841584158416;0.2834158415841584;0.23298267326732675;0.23886138613861385;0.20173267326732675;0.04084158415841584;0.0;0.0;0.0;0.0;0.0;0.3149752475247525;0.2506188118811881;0.22988861386138615;0.16367574257425743;0.255259900990099;0.2042079207920792;0.1974009900990099;0.10426980198019802;0.17790841584158415;0.020111386138613862;0.0;0.0;0.0;0.04084158415841584;0.8090965346534653;0.1500618811881188;0.0;0.0;0.0;0.0;0.0;0.0;0.0;0.04084158415841584;1
0.3431311881188119;0.24288366336633663;0.022896039603960396;0.06683168316831684;0.09344059405940594;0.08632425742574257;0.055074257425742575;0.04641089108910891;0.03125;0.011757425742574257;0.411509900990099;0.21627475247524752;0.125;0.05971534653465346;0.06590346534653466;0.03712871287128713;0.039294554455445545;0.029084158415841586;0.008972772277227722;0.007116336633663367;0.4430693069306931;0.22679455445544555;0.11262376237623763;0.06992574257425743;0.04176980198019802;0.0343440594059406;0.038985148514851485;0.017326732673267328;0.007735148514851485;0.007425742574257425;0.025371287128712873;0.2156559405940594;0.2094678217821782;0.13025990099009901;0.01670792079207921;0.026608910891089108;0.10860148514851485;0.15903465346534654;0.0952970297029703;0.012995049504950494;0.12128712871287128;0.1828589108910891;0.09777227722772278;0.10952970297029703;0.11819306930693069;0.15037128712871287;0.10117574257425743;0.09003712871287128;0.022896039603960396;0.005878712871287129;0.16120049504950495;0.15872524752475248;0.15686881188118812;0.1463490099009901;0.1469678217821782;0.08849009900990099;0.05012376237623763;0.06652227722772278;0.02042079207920792;0.004331683168316832;0.1531559405940594;0.1639851485148515;0.1729579207920792;0.18254950495049505;0.14511138613861385;0.04517326732673267;0.05136138613861386;0.06126237623762376;0.019492574257425743;0.0049504950495049506;0.0012376237623762376;0.10024752475247525;0.04919554455445545;0.15439356435643564;0.09808168316831684;0.13242574257425743;0.18162128712871287;0.18564356435643564;0.08353960396039604;0.013613861386138614;0.03125;0.0;0.0;0.0;0.0;0.0;0.0510519801980198;0.6203589108910891;0.18038366336633663;0.11695544554455446;0.03125;0.0;0.0;0.0;0.0;0.0;0.0;0.5142326732673267;0.3245668316831683;0.12995049504950495;0.4560643564356436;0.3756188118811881;0.1358292079207921;0.0012376237623762376;0.0;0.0;0.0;0.0;0.0;0.03125;0.7698019801980198;0.1989480198019802;0.0;0.0;0.0;0.0;0.0;0.0;0.0;0.03125;0.009900990099009901;0.0;0.0;0.0;0.05754950495049505;0.2255569306930693;0.10674504950495049;0.2682549504950495;0.12004950495049505;0.2119430693069307;0.009900990099009901;0.0;0.0;0.0;0.040222772277227724;0.26485148514851486;0.1296410891089109;0.23267326732673269;0.13211633663366337;0.1905940594059406;0.22586633663366337;0.09189356435643564;0.09282178217821782;0.07704207920792079;0.1646039603960396;0.06837871287128713;0.13211633663366337;0.10334158415841584;0.03403465346534654;0.009900990099009901;0.8675742574257426;0.12252475247524752;0.0;0.0;0.0;0.0;0.0;0.0;0.0;0.009900990099009901;0.009900990099009901;0.0;0.0;0.0;0.0;0.14449257425742573;0.21689356435643564;0.12592821782178218;0.2868193069306931;0.21596534653465346;0.009900990099009901;0.0;0.0;0.0;0.0;0.15748762376237624;0.25092821782178215;0.14016089108910892;0.26485148514851486;0.1766707920792079;0.18409653465346534;0.18409653465346534;0.08261138613861387;0.10736386138613861;0.1485148514851485;0.17048267326732675;0.10117574257425743;0.011757425742574257;0.0;0.009900990099009901;0.5733292079207921;0.41676980198019803;0.0;0.0;0.0;0.0;0.0;0.0;0.0;0.009900990099009901;0.04084158415841584;0.0;0.0;0.0;0.0;0.006188118811881188;0.29238861386138615;0.23360148514851486;0.22926980198019803;0.19771039603960397;0.04084158415841584;0.0;0.0;0.0;0.0;0.0;0.328279702970297;0.2370049504950495;0.24876237623762376;0.14511138613861385;0.2806311881188119;0.2004950495049505;0.19863861386138615;0.10891089108910891;0.1547029702970297;0.01577970297029703;0.0;0.0;0.0;0.04084158415841584;0.6986386138613861;0.26051980198019803;0.0;0.0;0.0;0.0;0.0;0.0;0.0;0.04084158415841584;1
0.30218446601941745;0.2776092233009709;0.0412621359223301;0.0245752427184466;0.07524271844660194;0.0858616504854369;0.055825242718446605;0.06037621359223301;0.047936893203883495;0.02912621359223301;0.34101941747572817;0.27487864077669905;0.07858009708737865;0.05218446601941747;0.07190533980582524;0.04763349514563107;0.04520631067961165;0.04217233009708738;0.025485436893203883;0.020934466019417477;0.3768203883495146;0.25637135922330095;0.08191747572815535;0.06219660194174757;0.06341019417475728;0.041868932038834954;0.04611650485436893;0.030036407766990292;0.020327669902912623;0.020934466019417477;0.019417475728155338;0.2111650485436893;0.19569174757281554;0.15564320388349515;0.04095873786407767;0.01729368932038835;0.06947815533980582;0.11589805825242719;0.12560679611650485;0.048847087378640776;0.04217233009708738;0.11134708737864078;0.09860436893203883;0.08555825242718447;0.1341019417475728;0.10861650485436893;0.17263349514563106;0.12287621359223301;0.08555825242718447;0.03853155339805825;0.0658373786407767;0.10891990291262135;0.16474514563106796;0.1641383495145631;0.14472087378640777;0.14593446601941748;0.09496359223300971;0.05218446601941747;0.05279126213592233;0.0057645631067961165;0.06158980582524272;0.125;0.18052184466019416;0.16595873786407767;0.189623786407767;0.12469660194174757;0.05734223300970874;0.046723300970873786;0.04338592233009709;0.0051577669902912624;0.0012135922330097086;0.05218446601941747;0.03307038834951456;0.10891990291262135;0.09921116504854369;0.11984223300970874;0.20904126213592233;0.24029126213592233;0.11893203883495146;0.01729368932038835;0.03125;0.0;0.0;0.0;0.0;0.0;0.017597087378640776;0.6174150485436893;0.2806432038834951;0.053094660194174755;0.03125;0.0;0.0;0.0;0.0;0.0;0.0;0.38440533980582525;0.5191140776699029;0.06523058252427184;0.5570388349514563;0.36589805825242716;0.045813106796116505;0.0;0.0;0.0;0.0;0.0;0.0;0.03125;0.8540655339805825;0.11468446601941748;0.0;0.0;0.0;0.0;0.0;0.0;0.0;0.03125;0.009708737864077669;0.0;0.0;0.0;0.00758495145631068;0.1862864077669903;0.13349514563106796;0.24150485436893204;0.11468446601941748;0.30673543689320387;0.009708737864077669;0.0;0.0;0.0;0.003337378640776699;0.2345266990291262;0.15230582524271843;0.19599514563106796;0.1574635922330097;0.2466626213592233;0.16656553398058252;0.12226941747572816;0.0870752427184466;0.07858009708737865;0.12682038834951456;0.07220873786407767;0.16777912621359223;0.12955097087378642;0.03944174757281554;0.009708737864077669;0.8652912621359223;0.125;0.0;0.0;0.0;0.0;0.0;0.0;0.0;0.009708737864077669;0.009708737864077669;0.0;0.0;0.0;0.0;0.1304611650485437;0.18476941747572814;0.17141990291262135;0.339502427184466;0.1641383495145631;0.009708737864077669;0.0;0.0;0.0;0.0;0.1262135922330097;0.20722087378640777;0.2120752427184466;0.29975728155339804;0.14502427184466019;0.154126213592233;0.15109223300970873;0.154126213592233;0.1337985436893204;0.16717233009708737;0.16110436893203883;0.06614077669902912;0.0027305825242718447;0.0;0.009708737864077669;0.7569781553398058;0.2333131067961165;0.0;0.0;0.0;0.0;0.0;0.0;0.0;0.009708737864077669;0.040655339805825245;0.0;0.0;0.0;0.0;0.0027305825242718447;0.32038834951456313;0.252123786407767;0.20934466019417475;0.17475728155339806;0.040655339805825245;0.0;0.0;0.0;0.0;0.0;0.3598300970873786;0.23938106796116504;0.2008495145631068;0.15928398058252427;0.3413228155339806;0.2132888349514563;0.158373786407767;0.09799757281553398;0.14350728155339806;0.0048543689320388345;0.0;0.0;0.0;0.040655339805825245;0.716626213592233;0.24271844660194175;0.0;0.0;0.0;0.0;0.0;0.0;0.0;0.040655339805825245;1
0.3418560606060606;0.2755681818181818;0.034722222222222224;0.04450757575757576;0.08080808080808081;0.07133838383838384;0.056502525252525256;0.04892676767676768;0.035037878787878785;0.010732323232323232;0.382260101010101;0.26672979797979796;0.1029040404040404;0.05303030303030303;0.05965909090909091;0.04482323232323232;0.03409090909090909;0.03598484848484849;0.01167929292929293;0.008838383838383838;0.42045454545454547;0.2702020202020202;0.09343434343434344;0.05808080808080808;0.04292929292929293;0.039141414141414144;0.03977272727272727;0.018308080808080808;0.010416666666666666;0.00726010101010101;0.030934343434343436;0.22727272727272727;0.21401515151515152;0.15151515151515152;0.028724747474747476;0.026515151515151516;0.07575757575757576;0.14583333333333334;0.08175505050505051;0.017676767676767676;0.04955808080808081;0.15940656565656566;0.09532828282828283;0.09627525252525253;0.12089646464646464;0.12215909090909091;0.13289141414141414;0.10542929292929293;0.08964646464646464;0.028409090909090908;0.10606060606060606;0.1268939393939394;0.15593434343434343;0.16224747474747475;0.13825757575757575;0.13573232323232323;0.06565656565656566;0.0422979797979798;0.054924242424242424;0.011994949494949494;0.09564393939393939;0.14267676767676768;0.16098484848484848;0.18876262626262627;0.16540404040404041;0.09753787878787878;0.04450757575757576;0.03977272727272727;0.054292929292929296;0.010416666666666666;0.06881313131313131;0.04734848484848485;0.13194444444444445;0.1019570707070707;0.08648989898989899;0.16351010101010102;0.21054292929292928;0.14867424242424243;0.03819444444444445;0.0025252525252525255;0.03125;0.0;0.0;0.0;0.0;0.0;0.02556818181818182;0.6426767676767676;0.2162247474747475;0.08428030303030302;0.03125;0.0;0.0;0.0;0.0;0.0;0.0;0.4090909090909091;0.4548611111111111;0.10479797979797979;0.5189393939393939;0.3658459595959596;0.08396464646464646;0.0;0.0;0.0;0.0;0.0;0.0;0.03125;0.8955176767676768;0.07323232323232323;0.0;0.0;0.0;0.0;0.0;0.0;0.0;0.03125;0.010101010101010102;0.0;0.0;0.0;0.023989898989898988;0.19633838383838384;0.11616161616161616;0.26830808080808083;0.12468434343434344;0.2604166666666667;0.010101010101010102;0.0;0.0;0.0;0.0211489898989899;0.2345328282828283;0.14709595959595959;0.2159090909090909;0.16035353535353536;0.21085858585858586;0.1856060606060606;0.1158459595959596;0.08428030303030302;0.0845959595959596;0.13857323232323232;0.06439393939393939;0.1745580808080808;0.11458333333333333;0.027462121212121212;0.010101010101010102;0.8320707070707071;0.15782828282828282;0.0;0.0;0.0;0.0;0.0;0.0;0.0;0.010101010101010102;0.010101010101010102;0.0;0.0;0.0;0.0;0.15088383838383837;0.17487373737373738;0.1537247474747475;0.3374368686868687;0.17297979797979798;0.010101010101010102;0.0;0.0;0.0;0.0;0.1452020202020202;0.20896464646464646;0.1985479797979798;0.28566919191919193;0.15151515151515152;0.17613636363636365;0.1518308080808081;0.12910353535353536;0.13541666666666666;0.16319444444444445;0.16256313131313133;0.06755050505050506;0.004103535353535354;0.0;0.010101010101010102;0.7787247474747475;0.21117424242424243;0.0;0.0;0.0;0.0;0.0;0.0;0.0;0.010101010101010102;0.041035353535353536;0.0;0.0;0.0;0.0;0.0003156565656565657;0.30082070707070707;0.2566287878787879;0.21875;0.18244949494949494;0.041035353535353536;0.0;0.0;0.0;0.0;0.0;0.32386363636363635;0.25789141414141414;0.21811868686868688;0.1590909090909091;0.31470959595959597;0.2178030303030303;0.17676767676767677;0.10101010101010101;0.14299242424242425;0.005681818181818182;0.0;0.0;0.0;0.041035353535353536;0.26862373737373735;0.6903409090909091;0.0;0.0;0.0;0.0;0.0;0.0;0.0;0.041035353535353536;1
0.4684311224489796;0.15848214285714285;0.029974489795918366;0.04241071428571429;0.07238520408163265;0.07206632653061225;0.06154336734693878;0.04623724489795918;0.0389030612244898;0.009566326530612245;0.501594387755102;0.16294642857142858;0.09948979591836735;0.05389030612244898;0.06090561224489796;0.045599489795918366;0.03125;0.031568877551020405;0.007334183673469388;0.005420918367346939;0.4180484693877551;0.2735969387755102;0.10108418367346939;0.05899234693877551;0.042091836734693876;0.0389030612244898;0.03635204081632653;0.01881377551020408;0.007653061224489796;0.004464285714285714;0.051658163265306124;0.1989795918367347;0.2216198979591837;0.15656887755102042;0.025191326530612245;0.04049744897959184;0.08003826530612244;0.14030612244897958;0.0819515306122449;0.0031887755102040817;0.04145408163265306;0.12659438775510204;0.09917091836734694;0.09948979591836735;0.11670918367346939;0.13743622448979592;0.1603954081632653;0.10331632653061225;0.08514030612244898;0.030293367346938774;0.11894132653061225;0.13839285714285715;0.1441326530612245;0.15401785714285715;0.1447704081632653;0.13871173469387754;0.05644132653061224;0.03794642857142857;0.05357142857142857;0.013073979591836735;0.109375;0.13169642857142858;0.1603954081632653;0.1836734693877551;0.171875;0.09566326530612244;0.046875;0.03826530612244898;0.05133928571428571;0.010841836734693877;0.03826530612244898;0.08163265306122448;0.0940688775510204;0.09502551020408163;0.07876275510204081;0.12723214285714285;0.24107142857142858;0.17315051020408162;0.06536989795918367;0.005420918367346939;0.03125;0.0;0.0;0.0;0.0;0.0;0.016581632653061226;0.6648596938775511;0.19738520408163265;0.0899234693877551;0.03125;0.0;0.0;0.0;0.0;0.0;0.0;0.397640306122449;0.4528061224489796;0.11830357142857142;0.564094387755102;0.31760204081632654;0.08705357142857142;0.0;0.0;0.0;0.0;0.0;0.0;0.03125;0.9129464285714286;0.05580357142857143;0.0;0.0;0.0;0.0;0.0;0.0;0.0;0.03125;0.01020408163265306;0.0;0.0;0.0;0.039540816326530615;0.2024872448979592;0.1285076530612245;0.25510204081632654;0.13392857142857142;0.2302295918367347;0.01020408163265306;0.0;0.0;0.0;0.01403061224489796;0.25255102040816324;0.14221938775510204;0.22321428571428573;0.15306122448979592;0.20471938775510204;0.19993622448979592;0.1090561224489796;0.08545918367346939;0.08163265306122448;0.14795918367346939;0.07366071428571429;0.1600765306122449;0.10108418367346939;0.03093112244897959;0.01020408163265306;0.8520408163265306;0.1377551020408163;0.0;0.0;0.0;0.0;0.0;0.0;0.0;0.01020408163265306;0.01020408163265306;0.0;0.0;0.0;0.0;0.14572704081632654;0.1910076530612245;0.14381377551020408;0.3325892857142857;0.17665816326530612;0.01020408163265306;0.0;0.0;0.0;0.0;0.14987244897959184;0.21651785714285715;0.1833545918367347;0.2853954081632653;0.15465561224489796;0.1795280612244898;0.16103316326530612;0.11447704081632654;0.13456632653061223;0.16230867346938777;0.16996173469387754;0.06409438775510204;0.003826530612244898;0.0;0.01020408163265306;0.5146683673469388;0.47512755102040816;0.0;0.0;0.0;0.0;0.0;0.0;0.0;0.01020408163265306;0.041135204081632654;0.0;0.0;0.0;0.0;0.0;0.3093112244897959;0.24394132653061223;0.22544642857142858;0.18016581632653061;0.041135204081632654;0.0;0.0;0.0;0.0;0.0;0.335140306122449;0.24170918367346939;0.2228954081632653;0.1591198979591837;0.3022959183673469;0.21779336734693877;0.18590561224489796;0.10299744897959184;0.1447704081632653;0.00510204081632653;0.0;0.0;0.0;0.041135204081632654;0.6849489795918368;0.2739158163265306;0.0;0.0;0.0;0.0;0.0;0.0;0.0;0.041135204081632654;1
0.4402846534653465;0.18564356435643564;0.03248762376237624;0.034962871287128716;0.0671410891089109;0.07271039603960396;0.0640470297029703;0.04672029702970297;0.04672029702970297;0.009282178217821782;0.4591584158415842;0.19709158415841585;0.08508663366336634;0.04981435643564357;0.06837871287128713;0.04857673267326733;0.0343440594059406;0.03527227722772277;0.014232673267326733;0.008044554455445545;0.26082920792079206;0.39449257425742573;0.10086633663366337;0.054455445544554455;0.0655940594059406;0.04238861386138614;0.038675742574257425;0.023205445544554455;0.012376237623762377;0.007116336633663367;0.03341584158415842;0.1875;0.25433168316831684;0.11695544554455446;0.054146039603960396;0.027846534653465347;0.05693069306930693;0.06064356435643564;0.14820544554455445;0.06002475247524752;0.04455445544554455;0.1166460396039604;0.09900990099009901;0.0999381188118812;0.1311881188118812;0.12438118811881188;0.14758663366336633;0.11943069306930693;0.09375;0.023514851485148515;0.07673267326732673;0.12840346534653466;0.15717821782178218;0.16800742574257427;0.13985148514851486;0.15037128712871287;0.07827970297029703;0.04238861386138614;0.05136138613861386;0.007425742574257425;0.0724009900990099;0.12902227722772278;0.16429455445544555;0.19863861386138615;0.17202970297029702;0.11262376237623763;0.054146039603960396;0.040532178217821783;0.04981435643564357;0.006497524752475247;0.022896039603960396;0.0594059405940594;0.10426980198019802;0.10643564356435643;0.07147277227722772;0.12778465346534654;0.25464108910891087;0.17945544554455445;0.06219059405940594;0.011448019801980198;0.03125;0.0;0.0;0.0;0.0;0.0;0.005569306930693069;0.6689356435643564;0.23452970297029702;0.05971534653465346;0.03125;0.0;0.0;0.0;0.0;0.0;0.0;0.37004950495049505;0.5219678217821783;0.07673267326732673;0.6234529702970297;0.29764851485148514;0.04764851485148515;0.0;0.0;0.0;0.0;0.0;0.0;0.03125;0.942450495049505;0.02629950495049505;0.0;0.0;0.0;0.0;0.0;0.0;0.0;0.03125;0.009900990099009901;0.0;0.0;0.0;0.017636138613861384;0.17728960396039603;0.14665841584158415;0.2376237623762376;0.12840346534653466;0.28248762376237624;0.009900990099009901;0.0;0.0;0.0;0.001547029702970297;0.22926980198019803;0.15253712871287128;0.20235148514851486;0.15563118811881188;0.24876237623762376;0.15717821782178218;0.12376237623762376;0.08663366336633663;0.08199257425742575;0.12902227722772278;0.07456683168316831;0.16491336633663367;0.13087871287128713;0.0411509900990099;0.009900990099009901;0.8143564356435643;0.17574257425742573;0.0;0.0;0.0;0.0;0.0;0.0;0.0;0.009900990099009901;0.009900990099009901;0.0;0.0;0.0;0.0;0.15129950495049505;0.1676980198019802;0.17048267326732675;0.3527227722772277;0.1478960396039604;0.009900990099009901;0.0;0.0;0.0;0.0;0.14449257425742573;0.18997524752475248;0.22524752475247525;0.2837252475247525;0.14665841584158415;0.16274752475247525;0.1438737623762376;0.14263613861386137;0.1379950495049505;0.1630569306930693;0.1661509900990099;0.06837871287128713;0.00525990099009901;0.0;0.009900990099009901;0.5204207920792079;0.46967821782178215;0.0;0.0;0.0;0.0;0.0;0.0;0.0;0.009900990099009901;0.04084158415841584;0.0;0.0;0.0;0.0;0.003094059405940594;0.32023514851485146;0.2422648514851485;0.21441831683168316;0.1791460396039604;0.04084158415841584;0.0;0.0;0.0;0.0;0.0;0.35396039603960394;0.2280321782178218;0.21379950495049505;0.16336633663366337;0.32425742574257427;0.2141089108910891;0.16212871287128713;0.10241336633663366;0.14913366336633663;0.007116336633663367;0.0;0.0;0.0;0.04084158415841584;0.2636138613861386;0.6955445544554455;0.0;0.0;0.0;0.0;0.0;0.0;0.0;0.04084158415841584;1
0.17945544554455445;0.41367574257425743;0.04888613861386139;0.026918316831683168;0.07611386138613861;0.06992574257425743;0.07425742574257425;0.05136138613861386;0.04455445544554455;0.01485148514851485;0.4801980198019802;0.17172029702970298;0.08601485148514851;0.056002475247524754;0.06342821782178218;0.04672029702970297;0.03403465346534654;0.03558168316831683;0.014232673267326733;0.012066831683168317;0.2747524752475248;0.3657178217821782;0.11169554455445545;0.05662128712871287;0.06528465346534654;0.04424504950495049;0.039603960396039604;0.018564356435643563;0.012066831683168317;0.011448019801980198;0.03094059405940594;0.2141089108910891;0.2079207920792079;0.15748762376237624;0.023514851485148515;0.028465346534653466;0.05847772277227723;0.1219059405940594;0.1516089108910891;0.005569306930693069;0.059096534653465344;0.10922029702970297;0.09436881188118812;0.1021039603960396;0.10767326732673267;0.11602722772277228;0.1646039603960396;0.12128712871287128;0.09931930693069307;0.02629950495049505;0.08477722772277228;0.1342821782178218;0.15068069306930693;0.16429455445544555;0.14077970297029702;0.15068069306930693;0.0640470297029703;0.04764851485148515;0.053217821782178217;0.009591584158415841;0.08292079207920793;0.13087871287128713;0.15810643564356436;0.1844059405940594;0.17481435643564355;0.10829207920792079;0.053217821782178217;0.04610148514851485;0.05167079207920792;0.009591584158415841;0.006188118811881188;0.07920792079207921;0.0609529702970297;0.09375;0.06683168316831684;0.12159653465346534;0.20544554455445543;0.23205445544554457;0.10891089108910891;0.025061881188118813;0.03125;0.0;0.0;0.0;0.0;0.0;0.01485148514851485;0.6596534653465347;0.2218440594059406;0.0724009900990099;0.03125;0.0;0.0;0.0;0.0;0.0;0.0;0.37530940594059403;0.4962871287128713;0.09715346534653466;0.5983910891089109;0.30507425742574257;0.06528465346534654;0.0;0.0;0.0;0.0;0.0;0.0;0.03125;0.9585396039603961;0.01021039603960396;0.0;0.0;0.0;0.0;0.0;0.0;0.0;0.03125;0.009900990099009901;0.0;0.0;0.0;0.024133663366336634;0.1844059405940594;0.1327351485148515;0.24752475247524752;0.12685643564356436;0.2744430693069307;0.009900990099009901;0.0;0.0;0.0;0.0024752475247524753;0.23669554455445543;0.1469678217821782;0.20668316831683167;0.15346534653465346;0.2438118811881188;0.1692450495049505;0.11850247524752475;0.08415841584158416;0.08261138613861387;0.13397277227722773;0.0686881188118812;0.16367574257425743;0.1280940594059406;0.0411509900990099;0.009900990099009901;0.8270420792079208;0.16274752475247525;0.0003094059405940594;0.0;0.0;0.0;0.0;0.0;0.0;0.009900990099009901;0.009900990099009901;0.0;0.0;0.0;0.0;0.1364480198019802;0.18162128712871287;0.15408415841584158;0.3468440594059406;0.17110148514851486;0.009900990099009901;0.0;0.0;0.0;0.0;0.1417079207920792;0.19337871287128713;0.2073019801980198;0.27784653465346537;0.16986386138613863;0.1639851485148515;0.1494430693069307;0.13087871287128713;0.13459158415841585;0.16491336633663367;0.1655321782178218;0.07487623762376237;0.005878712871287129;0.0;0.009900990099009901;0.775680693069307;0.21441831683168316;0.0;0.0;0.0;0.0;0.0;0.0;0.0;0.009900990099009901;0.04084158415841584;0.0;0.0;0.0;0.0;0.002165841584158416;0.30816831683168316;0.24907178217821782;0.2073019801980198;0.19245049504950495;0.04084158415841584;0.0;0.0;0.0;0.0;0.0;0.3400371287128713;0.2317450495049505;0.21844059405940594;0.16893564356435645;0.30909653465346537;0.21627475247524752;0.1670792079207921;0.10334158415841584;0.15408415841584158;0.009282178217821782;0.0;0.0;0.0;0.04084158415841584;0.26392326732673266;0.6952351485148515;0.0;0.0;0.0;0.0;0.0;0.0;0.0;0.04084158415841584;1
0.23529411764705882;0.35631127450980393;0.05177696078431373;0.027573529411764705;0.07628676470588236;0.06801470588235294;0.078125;0.0508578431372549;0.040747549019607844;0.015012254901960785;0.4574142156862745;0.19332107843137256;0.08670343137254902;0.057291666666666664;0.06372549019607843;0.04503676470588235;0.03308823529411765;0.03676470588235294;0.014705882352941176;0.011948529411764705;0.5523897058823529;0.12162990196078431;0.10018382352941177;0.05974264705882353;0.046875;0.0392156862745098;0.03982843137254902;0.017769607843137254;0.012867647058823529;0.009497549019607842;0.058823529411764705;0.23651960784313725;0.18872549019607843;0.13694852941176472;0.02022058823529412;0.027573529411764705;0.06311274509803921;0.12775735294117646;0.13449754901960784;0.005821078431372549;0.05606617647058824;0.11795343137254902;0.08823529411764706;0.0934436274509804;0.1256127450980392;0.11611519607843138;0.14399509803921567;0.125;0.1090686274509804;0.024509803921568627;0.09252450980392157;0.12837009803921567;0.14950980392156862;0.16850490196078433;0.1329656862745098;0.14185049019607843;0.07199754901960784;0.050551470588235295;0.05392156862745098;0.00980392156862745;0.07873774509803921;0.09160539215686274;0.203125;0.16727941176470587;0.15287990196078433;0.13939950980392157;0.04993872549019608;0.056372549019607844;0.0508578431372549;0.00980392156862745;0.031862745098039214;0.06740196078431372;0.10508578431372549;0.09375;0.057904411764705885;0.11519607843137254;0.25857843137254904;0.17371323529411764;0.08915441176470588;0.007352941176470588;0.03125;0.0;0.0;0.0;0.0;0.0;0.017769607843137254;0.6583946078431373;0.22242647058823528;0.0701593137254902;0.03125;0.0;0.0;0.0;0.0;0.0;0.0;0.36213235294117646;0.5107230392156863;0.09589460784313726;0.5952818627450981;0.3128063725490196;0.06066176470588235;0.0;0.0;0.0;0.0;0.0;0.0;0.03125;0.9604779411764706;0.008272058823529412;0.0;0.0;0.0;0.0;0.0;0.0;0.0;0.03125;0.00980392156862745;0.0;0.0;0.0;0.029411764705882353;0.18045343137254902;0.13357843137254902;0.24019607843137256;0.12775735294117646;0.27879901960784315;0.00980392156862745;0.0;0.0;0.0;0.013174019607843137;0.22334558823529413;0.15165441176470587;0.2028186274509804;0.1559436274509804;0.24325980392156862;0.17034313725490197;0.11642156862745098;0.0818014705882353;0.08088235294117647;0.1326593137254902;0.07107843137254902;0.16023284313725492;0.1326593137254902;0.04411764705882353;0.00980392156862745;0.8354779411764706;0.15471813725490197;0.0;0.0;0.0;0.0;0.0;0.0;0.0;0.00980392156862745;0.00980392156862745;0.0;0.0;0.0;0.0;0.15165441176470587;0.1724877450980392;0.15625;0.34650735294117646;0.16329656862745098;0.00980392156862745;0.0;0.0;0.0;0.0;0.14368872549019607;0.19791666666666666;0.2113970588235294;0.27542892156862747;0.16176470588235295;0.16697303921568626;0.14950980392156862;0.12683823529411764;0.12775735294117646;0.16482843137254902;0.17003676470588236;0.07689950980392157;0.007352941176470588;0.0;0.00980392156862745;0.8458946078431373;0.14430147058823528;0.0;0.0;0.0;0.0;0.0;0.0;0.0;0.00980392156862745;0.040747549019607844;0.0;0.0;0.0;0.0;0.0024509803921568627;0.32107843137254904;0.2423406862745098;0.20894607843137256;0.18443627450980393;0.040747549019607844;0.0;0.0;0.0;0.0;0.0;0.35692401960784315;0.234375;0.21170343137254902;0.15625;0.3112745098039216;0.21384803921568626;0.16268382352941177;0.10018382352941177;0.16084558823529413;0.010416666666666666;0.0;0.0;0.0;0.040747549019607844;0.6963848039215687;0.26286764705882354;0.0;0.0;0.0;0.0;0.0;0.0;0.0;0.040747549019607844;1
0.4105392156862745;0.18903186274509803;0.04013480392156863;0.01838235294117647;0.07659313725490197;0.07904411764705882;0.0704656862745098;0.04258578431372549;0.05514705882352941;0.018075980392156864;0.46170343137254904;0.18106617647058823;0.09283088235294118;0.05177696078431373;0.06433823529411764;0.046875;0.0428921568627451;0.02665441176470588;0.01991421568627451;0.011948529411764705;0.2815563725490196;0.36121323529411764;0.09558823529411764;0.0545343137254902;0.06740196078431372;0.03860294117647059;0.0389093137254902;0.030943627450980393;0.018995098039215685;0.012254901960784314;0.0585171568627451;0.2420343137254902;0.24111519607843138;0.07720588235294118;0.031862745098039214;0.06004901960784314;0.09650735294117647;0.1639093137254902;0.023284313725490197;0.0055147058823529415;0.08547794117647059;0.1053921568627451;0.1017156862745098;0.10202205882352941;0.13511029411764705;0.11856617647058823;0.15318627450980393;0.10263480392156862;0.08333333333333333;0.012561274509803922;0.0818014705882353;0.12162990196078431;0.15962009803921567;0.1721813725490196;0.16666666666666666;0.12837009803921567;0.07383578431372549;0.04718137254901961;0.04013480392156863;0.00857843137254902;0.09957107843137254;0.14583333333333334;0.16605392156862744;0.14276960784313725;0.17371323529411764;0.11825980392156862;0.050551470588235295;0.06311274509803921;0.030943627450980393;0.009191176470588236;0.024509803921568627;0.029411764705882353;0.15379901960784315;0.07383578431372549;0.09987745098039216;0.22212009803921567;0.23835784313725492;0.1096813725490196;0.03860294117647059;0.00980392156862745;0.03125;0.0;0.0;0.0;0.0;0.0;0.03768382352941176;0.6531862745098039;0.2181372549019608;0.05974264705882353;0.03125;0.0;0.0;0.0;0.0;0.0;0.0;0.42432598039215685;0.4721200980392157;0.07230392156862746;0.48682598039215685;0.4325980392156863;0.04932598039215686;0.0;0.0;0.0;0.0;0.0;0.0;0.03125;0.8318014705882353;0.13694852941176472;0.0;0.0;0.0;0.0;0.0;0.0;0.0;0.03125;0.00980392156862745;0.0;0.0;0.0;0.03707107843137255;0.17095588235294118;0.1409313725490196;0.2423406862745098;0.15870098039215685;0.24019607843137256;0.00980392156862745;0.0;0.0;0.0;0.0055147058823529415;0.23774509803921567;0.15441176470588236;0.19607843137254902;0.16636029411764705;0.23008578431372548;0.17463235294117646;0.11887254901960784;0.08394607843137254;0.07659313725490197;0.13633578431372548;0.0741421568627451;0.15747549019607843;0.13694852941176472;0.03125;0.00980392156862745;0.8011642156862745;0.18382352941176472;0.005208333333333333;0.0;0.0;0.0;0.0;0.0;0.0;0.00980392156862745;0.00980392156862745;0.0;0.0;0.0;0.0;0.13419117647058823;0.18504901960784315;0.17371323529411764;0.3287377450980392;0.16850490196078433;0.00980392156862745;0.0;0.0;0.0;0.0;0.13756127450980393;0.203125;0.21783088235294118;0.27205882352941174;0.15962009803921567;0.1130514705882353;0.17555147058823528;0.15134803921568626;0.12867647058823528;0.1792279411764706;0.1645220588235294;0.07230392156862746;0.0055147058823529415;0.0;0.00980392156862745;0.6590073529411765;0.3284313725490196;0.0027573529411764708;0.0;0.0;0.0;0.0;0.0;0.0;0.00980392156862745;0.040747549019607844;0.0;0.0;0.0;0.0;0.00428921568627451;0.31525735294117646;0.24662990196078433;0.20680147058823528;0.18627450980392157;0.040747549019607844;0.0;0.0;0.0;0.0;0.0;0.3606004901960784;0.23529411764705882;0.19914215686274508;0.1642156862745098;0.27359068627450983;0.2616421568627451;0.16605392156862744;0.09375;0.15134803921568626;0.012867647058823529;0.0;0.0;0.0;0.040747549019607844;0.3268995098039216;0.6274509803921569;0.004901960784313725;0.0;0.0;0.0;0.0;0.0;0.0;0.040747549019607844;1
0.24628712871287128;0.34870049504950495;0.04888613861386139;0.02568069306930693;0.07889851485148515;0.06157178217821782;0.07704207920792079;0.04238861386138614;0.050742574257425746;0.019801980198019802;0.47741336633663367;0.1775990099009901;0.09498762376237624;0.0594059405940594;0.05198019801980198;0.04517326732673267;0.04084158415841584;0.026608910891089108;0.01547029702970297;0.01051980198019802;0.29826732673267325;0.3604579207920792;0.09900990099009901;0.05631188118811881;0.0609529702970297;0.03712871287128713;0.03743811881188119;0.025371287128712873;0.01577970297029703;0.009282178217821782;0.07023514851485149;0.13985148514851486;0.35457920792079206;0.05724009900990099;0.028774752475247526;0.0640470297029703;0.0640470297029703;0.18038366336633663;0.03217821782178218;0.008663366336633664;0.10581683168316831;0.10860148514851485;0.10550742574257425;0.10055693069306931;0.12840346534653466;0.12561881188118812;0.13768564356435645;0.09127475247524752;0.08137376237623763;0.01516089108910891;0.0952970297029703;0.13397277227722773;0.1608910891089109;0.15346534653465346;0.14882425742574257;0.1438737623762376;0.058787128712871284;0.04641089108910891;0.04702970297029703;0.011448019801980198;0.10457920792079207;0.14882425742574257;0.1577970297029703;0.16584158415841585;0.17698019801980197;0.09498762376237624;0.04981435643564357;0.03712871287128713;0.05136138613861386;0.012685643564356437;0.05290841584158416;0.04981435643564357;0.09189356435643564;0.09900990099009901;0.11571782178217822;0.20018564356435645;0.23298267326732675;0.11850247524752475;0.03310643564356436;0.005878712871287129;0.03125;0.0;0.0;0.0;0.0;0.0;0.038675742574257425;0.6590346534653465;0.1983292079207921;0.07271039603960396;0.03125;0.0;0.0;0.0;0.0;0.0;0.0;0.4248143564356436;0.4557549504950495;0.08818069306930693;0.4978341584158416;0.4084158415841584;0.0625;0.0;0.0;0.0;0.0;0.0;0.0;0.03125;0.9019183168316832;0.06683168316831684;0.0;0.0;0.0;0.0;0.0;0.0;0.0;0.03125;0.009900990099009901;0.0;0.0;0.0;0.053836633663366336;0.15841584158415842;0.12004950495049505;0.2614480198019802;0.1577970297029703;0.2385519801980198;0.009900990099009901;0.0;0.0;0.0;0.01021039603960396;0.22988861386138615;0.15594059405940594;0.2004950495049505;0.16491336633663367;0.2286509900990099;0.1760519801980198;0.11448019801980198;0.08261138613861387;0.07766089108910891;0.14139851485148514;0.07332920792079207;0.15655940594059406;0.13675742574257427;0.03125;0.009900990099009901;0.8078589108910891;0.18007425742574257;0.002165841584158416;0.0;0.0;0.0;0.0;0.0;0.0;0.009900990099009901;0.009900990099009901;0.0;0.0;0.0;0.0;0.13892326732673269;0.17728960396039603;0.17419554455445543;0.3224009900990099;0.17728960396039603;0.009900990099009901;0.0;0.0;0.0;0.0;0.14356435643564355;0.1958539603960396;0.20915841584158415;0.27042079207920794;0.17110148514851486;0.12128712871287128;0.16955445544554457;0.1395420792079208;0.12902227722772278;0.17790841584158415;0.1661509900990099;0.08044554455445545;0.006188118811881188;0.0;0.009900990099009901;0.8100247524752475;0.18007425742574257;0.0;0.0;0.0;0.0;0.0;0.0;0.0;0.009900990099009901;0.04084158415841584;0.0;0.0;0.0;0.0;0.003094059405940594;0.3097153465346535;0.24102722772277227;0.2063737623762376;0.1989480198019802;0.04084158415841584;0.0;0.0;0.0;0.0;0.0;0.34034653465346537;0.24504950495049505;0.20297029702970298;0.1707920792079208;0.28836633663366334;0.2469059405940594;0.1547029702970297;0.10612623762376237;0.15099009900990099;0.012066831683168317;0.0;0.0;0.0;0.04084158415841584;0.6497524752475248;0.3094059405940594;0.0;0.0;0.0;0.0;0.0;0.0;0.0;0.04084158415841584;1
0.4498762376237624;0.1624381188118812;0.03372524752475248;0.02599009900990099;0.08353960396039604;0.07301980198019802;0.06683168316831684;0.03712871287128713;0.04795792079207921;0.019492574257425743;0.4158415841584158;0.22896039603960397;0.10024752475247525;0.05631188118811881;0.05971534653465346;0.04641089108910891;0.039913366336633664;0.02629950495049505;0.01577970297029703;0.01051980198019802;0.28094059405940597;0.3681930693069307;0.10705445544554455;0.05754950495049505;0.06126237623762376;0.03650990099009901;0.03558168316831683;0.027227722772277228;0.01516089108910891;0.01051980198019802;0.07425742574257425;0.13861386138613863;0.33261138613861385;0.08013613861386139;0.02568069306930693;0.054146039603960396;0.08137376237623763;0.18254950495049505;0.023514851485148515;0.007116336633663367;0.06497524752475248;0.11417079207920793;0.1051980198019802;0.10426980198019802;0.1379950495049505;0.1166460396039604;0.15965346534653466;0.10426980198019802;0.07797029702970297;0.01485148514851485;0.09405940594059406;0.12902227722772278;0.16429455445544555;0.15563118811881188;0.1494430693069307;0.14975247524752475;0.054455445544554455;0.04548267326732673;0.04579207920792079;0.012066831683168317;0.11850247524752475;0.1577970297029703;0.16058168316831684;0.1646039603960396;0.15841584158415842;0.09282178217821782;0.055693069306930694;0.0594059405940594;0.022586633663366336;0.009591584158415841;0.038366336633663366;0.06806930693069307;0.09158415841584158;0.08941831683168316;0.0999381188118812;0.21225247524752475;0.22246287128712872;0.1485148514851485;0.023824257425742575;0.005569306930693069;0.03125;0.0;0.0;0.0;0.0;0.0;0.0922029702970297;0.6485148514851485;0.1630569306930693;0.06497524752475248;0.03125;0.0;0.0;0.0;0.0;0.0;0.0;0.3629331683168317;0.4978341584158416;0.10798267326732673;0.48948019801980197;0.41491336633663367;0.06435643564356436;0.0;0.0;0.0;0.0;0.0;0.0;0.03125;0.8898514851485149;0.07889851485148515;0.0;0.0;0.0;0.0;0.0;0.0;0.0;0.03125;0.009900990099009901;0.0;0.0;0.0;0.050742574257425746;0.16491336633663367;0.11633663366336634;0.2620668316831683;0.1547029702970297;0.24133663366336633;0.009900990099009901;0.0;0.0;0.0;0.009591584158415841;0.2271039603960396;0.15903465346534654;0.20018564356435645;0.16584158415841585;0.22834158415841585;0.1775990099009901;0.10952970297029703;0.08694306930693069;0.07673267326732673;0.14201732673267325;0.0739480198019802;0.15191831683168316;0.13892326732673269;0.03248762376237624;0.009900990099009901;0.8233292079207921;0.16676980198019803;0.0;0.0;0.0;0.0;0.0;0.0;0.0;0.009900990099009901;0.009900990099009901;0.0;0.0;0.0;0.0;0.1342821782178218;0.18688118811881188;0.1686262376237624;0.32116336633663367;0.1791460396039604;0.009900990099009901;0.0;0.0;0.0;0.0;0.1438737623762376;0.19461633663366337;0.20761138613861385;0.27320544554455445;0.1707920792079208;0.12004950495049505;0.17264851485148514;0.1364480198019802;0.12592821782178218;0.18038366336633663;0.16800742574257427;0.07858910891089109;0.008044554455445545;0.0;0.009900990099009901;0.8165222772277227;0.17357673267326731;0.0;0.0;0.0;0.0;0.0;0.0;0.0;0.009900990099009901;0.04084158415841584;0.0;0.0;0.0;0.0;0.004641089108910891;0.29610148514851486;0.24628712871287128;0.21751237623762376;0.19461633663366337;0.04084158415841584;0.0;0.0;0.0;0.0;0.0;0.34467821782178215;0.2376237623762376;0.20297029702970298;0.17388613861386137;0.2818688118811881;0.24938118811881188;0.15748762376237624;0.10581683168316831;0.1500618811881188;0.014542079207920793;0.0;0.0;0.0;0.04084158415841584;0.6763613861386139;0.28279702970297027;0.0;0.0;0.0;0.0;0.0;0.0;0.0;0.04084158415841584;1
0.452970297029703;0.15532178217821782;0.0343440594059406;0.03372524752475248;0.08168316831683169;0.0625;0.07209158415841584;0.039603960396039604;0.04517326732673267;0.022586633663366336;0.48205445544554454;0.17202970297029702;0.10303217821782178;0.054146039603960396;0.05662128712871287;0.04548267326732673;0.0327970297029703;0.028774752475247526;0.013304455445544554;0.011757425742574257;0.1358292079207921;0.5092821782178217;0.11014851485148515;0.05693069306930693;0.0640470297029703;0.03681930693069307;0.03558168316831683;0.02568069306930693;0.013923267326732673;0.011757425742574257;0.04764851485148515;0.23514851485148514;0.27042079207920794;0.06806930693069307;0.023205445544554455;0.04764851485148515;0.06590346534653466;0.15903465346534654;0.07363861386138613;0.009282178217821782;0.05228960396039604;0.12530940594059406;0.10396039603960396;0.09622524752475248;0.12685643564356436;0.11417079207920793;0.14449257425742573;0.1219059405940594;0.08415841584158416;0.03063118811881188;0.10983910891089109;0.13087871287128713;0.16367574257425743;0.14727722772277227;0.1463490099009901;0.12933168316831684;0.055074257425742575;0.04764851485148515;0.05693069306930693;0.012995049504950494;0.13613861386138615;0.1438737623762376;0.17172029702970298;0.1729579207920792;0.1454207920792079;0.0853960396039604;0.050433168316831686;0.06064356435643564;0.02599009900990099;0.007425742574257425;0.012376237623762377;0.05847772277227723;0.08663366336633663;0.1280940594059406;0.0671410891089109;0.17233910891089108;0.2620668316831683;0.1516089108910891;0.055693069306930694;0.005569306930693069;0.03125;0.0;0.0;0.0;0.0;0.0;0.0343440594059406;0.625;0.21967821782178218;0.08972772277227722;0.03125;0.0;0.0;0.0;0.0;0.0;0.0;0.42945544554455445;0.43842821782178215;0.10086633663366337;0.494740099009901;0.39913366336633666;0.07487623762376237;0.0;0.0;0.0;0.0;0.0;0.0;0.03125;0.7892945544554455;0.17945544554455445;0.0;0.0;0.0;0.0;0.0;0.0;0.0;0.03125;0.009900990099009901;0.0;0.0;0.0;0.06311881188118812;0.17574257425742573;0.10860148514851485;0.2626856435643564;0.15810643564356436;0.2218440594059406;0.009900990099009901;0.0;0.0;0.0;0.013613861386138614;0.24195544554455445;0.15222772277227722;0.2042079207920792;0.16738861386138615;0.21070544554455445;0.19863861386138615;0.1036509900990099;0.08323019801980198;0.07920792079207921;0.14418316831683167;0.07147277227722772;0.15686881188118812;0.125;0.027846534653465347;0.009900990099009901;0.8406559405940595;0.1494430693069307;0.0;0.0;0.0;0.0;0.0;0.0;0.0;0.009900990099009901;0.009900990099009901;0.0;0.0;0.0;0.0;0.14449257425742573;0.18502475247524752;0.1692450495049505;0.3094059405940594;0.18193069306930693;0.009900990099009901;0.0;0.0;0.0;0.0;0.14356435643564355;0.2125618811881188;0.19461633663366337;0.27011138613861385;0.1692450495049505;0.12561881188118812;0.18193069306930693;0.12716584158415842;0.1234529702970297;0.1828589108910891;0.16212871287128713;0.07889851485148515;0.008044554455445545;0.0;0.009900990099009901;0.6831683168316832;0.3041460396039604;0.0027846534653465345;0.0;0.0;0.0;0.0;0.0;0.0;0.009900990099009901;0.04084158415841584;0.0;0.0;0.0;0.0;0.0034034653465346535;0.2973391089108911;0.2422648514851485;0.2286509900990099;0.1875;0.04084158415841584;0.0;0.0;0.0;0.0;0.0;0.3400371287128713;0.23886138613861385;0.21132425742574257;0.16893564356435645;0.27629950495049505;0.25123762376237624;0.1692450495049505;0.10457920792079207;0.14356435643564355;0.014232673267326733;0.0;0.0;0.0;0.04084158415841584;0.6547029702970297;0.30445544554455445;0.0;0.0;0.0;0.0;0.0;0.0;0.0;0.04084158415841584;1
0.39449257425742573;0.21472772277227722;0.043007425742574254;0.028155940594059407;0.08725247524752475;0.06280940594059406;0.07116336633663366;0.037747524752475246;0.04702970297029703;0.013613861386138614;0.46472772277227725;0.1921410891089109;0.10179455445544554;0.053217821782178217;0.05754950495049505;0.04517326732673267;0.03310643564356436;0.029393564356435642;0.014232673267326733;0.008663366336633664;0.11788366336633663;0.525990099009901;0.11417079207920793;0.05693069306930693;0.06188118811881188;0.039913366336633664;0.03217821782178218;0.028774752475247526;0.013613861386138614;0.008663366336633664;0.04950495049504951;0.22896039603960397;0.1890470297029703;0.1624381188118812;0.019492574257425743;0.040222772277227724;0.07425742574257425;0.1797648514851485;0.053836633663366336;0.0024752475247524753;0.07704207920792079;0.10612623762376237;0.11200495049504951;0.11448019801980198;0.10179455445544554;0.11293316831683169;0.16986386138613863;0.10891089108910891;0.07487623762376237;0.021967821782178217;0.0968440594059406;0.13459158415841585;0.1608910891089109;0.16181930693069307;0.14418316831683167;0.12995049504950495;0.06064356435643564;0.04579207920792079;0.054146039603960396;0.011138613861386138;0.11448019801980198;0.13985148514851486;0.18162128712871287;0.1500618811881188;0.16986386138613863;0.10241336633663366;0.04579207920792079;0.04455445544554455;0.04207920792079208;0.009282178217821782;0.013613861386138614;0.055383663366336634;0.0594059405940594;0.12778465346534654;0.08013613861386139;0.11045792079207921;0.22524752475247525;0.20358910891089108;0.0906559405940594;0.03372524752475248;0.03125;0.0;0.0;0.0;0.0;0.0;0.024443069306930694;0.6537747524752475;0.20977722772277227;0.08075495049504951;0.03125;0.0;0.0;0.0;0.0;0.0;0.0;0.35705445544554454;0.5024752475247525;0.10922029702970297;0.49969059405940597;0.40284653465346537;0.06621287128712872;0.0;0.0;0.0;0.0;0.0;0.0;0.03125;0.7889851485148515;0.1797648514851485;0.0;0.0;0.0;0.0;0.0;0.0;0.0;0.03125;0.009900990099009901;0.0;0.0;0.0;0.04888613861386139;0.1686262376237624;0.1150990099009901;0.2626856435643564;0.15068069306930693;0.24412128712871287;0.009900990099009901;0.0;0.0;0.0;0.01021039603960396;0.2280321782178218;0.1577970297029703;0.19863861386138615;0.16491336633663367;0.23050742574257427;0.1766707920792079;0.11169554455445545;0.08508663366336634;0.07858910891089109;0.13985148514851486;0.07271039603960396;0.15253712871287128;0.13768564356435645;0.03527227722772277;0.009900990099009901;0.8319925742574258;0.15810643564356436;0.0;0.0;0.0;0.0;0.0;0.0;0.0;0.009900990099009901;0.009900990099009901;0.0;0.0;0.0;0.0;0.1469678217821782;0.17574257425742573;0.1661509900990099;0.3180693069306931;0.18316831683168316;0.009900990099009901;0.0;0.0;0.0;0.0;0.13985148514851486;0.20142326732673269;0.20451732673267325;0.2750618811881188;0.1692450495049505;0.13397277227722773;0.1686262376237624;0.13242574257425743;0.12623762376237624;0.1806930693069307;0.16181930693069307;0.07827970297029703;0.008044554455445545;0.0;0.009900990099009901;0.6989480198019802;0.2908415841584158;0.0003094059405940594;0.0;0.0;0.0;0.0;0.0;0.0;0.009900990099009901;0.04084158415841584;0.0;0.0;0.0;0.0;0.0037128712871287127;0.3069306930693069;0.23669554455445543;0.22462871287128713;0.18719059405940594;0.04084158415841584;0.0;0.0;0.0;0.0;0.0;0.34777227722772275;0.23731435643564355;0.2004950495049505;0.17357673267326731;0.3323019801980198;0.21503712871287128;0.1630569306930693;0.09715346534653466;0.14047029702970298;0.011138613861386138;0.0;0.0;0.0;0.04084158415841584;0.6717202970297029;0.2874381188118812;0.0;0.0;0.0;0.0;0.0;0.0;0.0;0.04084158415841584;1
0.1751237623762376;0.4161509900990099;0.04919554455445545;0.027846534653465347;0.0823019801980198;0.06683168316831684;0.07054455445544554;0.04764851485148515;0.04733910891089109;0.01701732673267327;0.5244430693069307;0.1327351485148515;0.09467821782178218;0.053836633663366336;0.0594059405940594;0.04393564356435643;0.034653465346534656;0.03032178217821782;0.01516089108910891;0.010829207920792078;0.29610148514851486;0.3468440594059406;0.10798267326732673;0.06497524752475248;0.055693069306930694;0.038366336633663366;0.03620049504950495;0.026918316831683168;0.01608910891089109;0.010829207920792078;0.04950495049504951;0.23298267326732675;0.1806930693069307;0.16058168316831684;0.022896039603960396;0.04146039603960396;0.07518564356435643;0.17326732673267325;0.06157178217821782;0.0018564356435643563;0.09344059405940594;0.10674504950495049;0.0891089108910891;0.11571782178217822;0.11293316831683169;0.1135519801980198;0.18347772277227722;0.07271039603960396;0.09405940594059406;0.018254950495049504;0.07580445544554455;0.12592821782178218;0.15563118811881188;0.15253712871287128;0.12840346534653466;0.17852722772277227;0.07642326732673267;0.04579207920792079;0.05228960396039604;0.008663366336633664;0.10334158415841584;0.14913366336633663;0.17574257425742573;0.14511138613861385;0.1745049504950495;0.09467821782178218;0.0510519801980198;0.04733910891089109;0.04919554455445545;0.009900990099009901;0.009900990099009901;0.053217821782178217;0.08199257425742575;0.1280940594059406;0.08446782178217822;0.1958539603960396;0.26175742574257427;0.14356435643564355;0.03650990099009901;0.004641089108910891;0.03125;0.0;0.0;0.0;0.0;0.0;0.029084158415841586;0.6803836633663366;0.19245049504950495;0.06683168316831684;0.03125;0.0;0.0;0.0;0.0;0.0;0.0;0.3681930693069307;0.5071163366336634;0.09344059405940594;0.5250618811881188;0.38923267326732675;0.054455445544554455;0.0;0.0;0.0;0.0;0.0;0.0;0.03125;0.8013613861386139;0.16738861386138615;0.0;0.0;0.0;0.0;0.0;0.0;0.0;0.03125;0.009900990099009901;0.0;0.0;0.0;0.0411509900990099;0.16120049504950495;0.13366336633663367;0.25154702970297027;0.1516089108910891;0.25092821782178215;0.009900990099009901;0.0;0.0;0.0;0.004331683168316832;0.2301980198019802;0.1593440594059406;0.19461633663366337;0.16646039603960397;0.23514851485148514;0.17110148514851486;0.11417079207920793;0.08570544554455446;0.07766089108910891;0.13768564356435645;0.07456683168316831;0.1531559405940594;0.14077970297029702;0.03527227722772277;0.009900990099009901;0.8050742574257426;0.18502475247524752;0.0;0.0;0.0;0.0;0.0;0.0;0.0;0.009900990099009901;0.009900990099009901;0.0;0.0;0.0;0.0;0.14727722772277227;0.1729579207920792;0.17264851485148514;0.3251856435643564;0.17202970297029702;0.009900990099009901;0.0;0.0;0.0;0.0;0.1342821782178218;0.20266089108910892;0.21782178217821782;0.2784653465346535;0.15686881188118812;0.1318069306930693;0.16584158415841585;0.14449257425742573;0.1311881188118812;0.1806930693069307;0.1577970297029703;0.0724009900990099;0.005878712871287129;0.0;0.009900990099009901;0.6974009900990099;0.29238861386138615;0.0003094059405940594;0.0;0.0;0.0;0.0;0.0;0.0;0.009900990099009901;0.04084158415841584;0.0;0.0;0.0;0.0;0.004641089108910891;0.3001237623762376;0.24257425742574257;0.2301980198019802;0.18162128712871287;0.04084158415841584;0.0;0.0;0.0;0.0;0.0;0.34251237623762376;0.2537128712871287;0.19554455445544555;0.16738861386138615;0.3505569306930693;0.20699257425742573;0.16150990099009901;0.09931930693069307;0.1318069306930693;0.008972772277227722;0.0;0.0;0.0;0.04084158415841584;0.6701732673267327;0.28898514851485146;0.0;0.0;0.0;0.0;0.0;0.0;0.0;0.04084158415841584;1
0.4916460396039604;0.11540841584158416;0.03372524752475248;0.038985148514851485;0.09127475247524752;0.06033415841584158;0.06930693069306931;0.03681930693069307;0.04548267326732673;0.01701732673267327;0.53125;0.1333539603960396;0.0968440594059406;0.05847772277227723;0.054146039603960396;0.039913366336633664;0.034962871287128716;0.02629950495049505;0.013613861386138614;0.011138613861386138;0.2790841584158416;0.3681930693069307;0.11386138613861387;0.06497524752475248;0.05198019801980198;0.03712871287128713;0.03403465346534654;0.02599009900990099;0.012995049504950494;0.011757425742574257;0.06126237623762376;0.2103960396039604;0.1936881188118812;0.14820544554455445;0.019183168316831683;0.039294554455445545;0.0838490099009901;0.16336633663366337;0.07704207920792079;0.0037128712871287127;0.05847772277227723;0.12438118811881188;0.10117574257425743;0.10426980198019802;0.11262376237623763;0.11014851485148515;0.16800742574257427;0.0952970297029703;0.09282178217821782;0.0327970297029703;0.10829207920792079;0.13985148514851486;0.1485148514851485;0.14975247524752475;0.1469678217821782;0.1364480198019802;0.05785891089108911;0.04764851485148515;0.05228960396039604;0.012376237623762377;0.10426980198019802;0.14665841584158415;0.16584158415841585;0.14263613861386137;0.16367574257425743;0.12159653465346534;0.04146039603960396;0.050433168316831686;0.04981435643564357;0.013613861386138614;0.008663366336633664;0.06497524752475248;0.10334158415841584;0.14356435643564355;0.07271039603960396;0.1624381188118812;0.2595915841584158;0.1417079207920792;0.039294554455445545;0.0037128712871287127;0.03125;0.0;0.0;0.0;0.0;0.0;0.04146039603960396;0.6482054455445545;0.1958539603960396;0.08323019801980198;0.03125;0.0;0.0;0.0;0.0;0.0;0.0;0.41027227722772275;0.4591584158415842;0.09931930693069307;0.47277227722772275;0.41738861386138615;0.07858910891089109;0.0;0.0;0.0;0.0;0.0;0.0;0.03125;0.8508663366336634;0.11788366336633663;0.0;0.0;0.0;0.0;0.0;0.0;0.0;0.03125;0.009900990099009901;0.0;0.0;0.0;0.06188118811881188;0.1760519801980198;0.11819306930693069;0.2564975247524752;0.15068069306930693;0.22679455445544555;0.009900990099009901;0.0;0.0;0.0;0.01670792079207921;0.24102722772277227;0.1500618811881188;0.20544554455445543;0.16212871287128713;0.21472772277227722;0.19863861386138615;0.10488861386138613;0.08168316831683169;0.08168316831683169;0.14201732673267325;0.0708539603960396;0.15037128712871287;0.12902227722772278;0.03094059405940594;0.009900990099009901;0.8446782178217822;0.1454207920792079;0.0;0.0;0.0;0.0;0.0;0.0;0.0;0.009900990099009901;0.009900990099009901;0.0;0.0;0.0;0.0;0.15253712871287128;0.18626237623762376;0.15284653465346534;0.31590346534653463;0.18254950495049505;0.009900990099009901;0.0;0.0;0.0;0.0;0.14108910891089108;0.21349009900990099;0.19121287128712872;0.2747524752475248;0.16955445544554457;0.1379950495049505;0.1806930693069307;0.12004950495049505;0.11974009900990099;0.1828589108910891;0.16120049504950495;0.07951732673267327;0.008044554455445545;0.0;0.009900990099009901;0.7144183168316832;0.2756806930693069;0.0;0.0;0.0;0.0;0.0;0.0;0.0;0.009900990099009901;0.04084158415841584;0.0;0.0;0.0;0.0;0.002165841584158416;0.2979579207920792;0.25092821782178215;0.2202970297029703;0.18780940594059406;0.04084158415841584;0.0;0.0;0.0;0.0;0.0;0.34560643564356436;0.23391089108910892;0.2057549504950495;0.17388613861386137;0.32889851485148514;0.21163366336633663;0.1707920792079208;0.09777227722772278;0.13923267326732675;0.010829207920792078;0.0;0.0;0.0;0.04084158415841584;0.6491336633663366;0.3100247524752475;0.0;0.0;0.0;0.0;0.0;0.0;0.0;0.04084158415841584;1
0.4866504854368932;0.11134708737864078;0.03913834951456311;0.023058252427184466;0.07827669902912622;0.06765776699029126;0.06310679611650485;0.05036407766990291;0.05036407766990291;0.030036407766990292;0.5130461165048543;0.12469660194174757;0.08313106796116505;0.058859223300970875;0.054004854368932036;0.04763349514563107;0.04308252427184466;0.03246359223300971;0.023361650485436893;0.01972087378640777;0.5276092233009708;0.12864077669902912;0.09101941747572816;0.056735436893203886;0.05279126213592233;0.037924757281553395;0.030643203883495146;0.03610436893203883;0.019417475728155338;0.01911407766990291;0.07766990291262135;0.21601941747572814;0.21632281553398058;0.09617718446601942;0.02487864077669903;0.03155339805825243;0.08373786407766991;0.10194174757281553;0.14563106796116504;0.006067961165048544;0.0670509708737864;0.09890776699029126;0.10285194174757281;0.09283980582524272;0.1283373786407767;0.11802184466019418;0.17536407766990292;0.10133495145631068;0.10103155339805825;0.014259708737864078;0.06523058252427184;0.11923543689320389;0.15655339805825244;0.15139563106796117;0.1325849514563107;0.1653519417475728;0.0891990291262136;0.05339805825242718;0.060072815533980584;0.006978155339805826;0.08525485436893204;0.14259708737864077;0.18355582524271843;0.14472087378640777;0.16990291262135923;0.10527912621359223;0.06280339805825243;0.05127427184466019;0.04611650485436893;0.00849514563106796;0.012135922330097087;0.05825242718446602;0.07979368932038836;0.1429004854368932;0.0970873786407767;0.21875;0.2636529126213592;0.10861650485436893;0.01516990291262136;0.0036407766990291263;0.03125;0.0;0.0;0.0;0.0;0.0;0.05734223300970874;0.7041868932038835;0.16262135922330098;0.0445995145631068;0.03125;0.0;0.0;0.0;0.0;0.0;0.0;0.38076456310679613;0.5151699029126213;0.07281553398058252;0.5266990291262136;0.40230582524271846;0.039745145631067964;0.0;0.0;0.0;0.0;0.0;0.0;0.03125;0.8983616504854369;0.0703883495145631;0.0;0.0;0.0;0.0;0.0;0.0;0.0;0.03125;0.009708737864077669;0.0;0.0;0.0;0.03549757281553398;0.18052184466019416;0.11407766990291263;0.2536407766990291;0.15109223300970873;0.2554611650485437;0.009708737864077669;0.0;0.0;0.0;0.0027305825242718447;0.23391990291262135;0.15807038834951456;0.1887135922330097;0.1653519417475728;0.24150485436893204;0.16899271844660194;0.12135922330097088;0.08282766990291263;0.07342233009708737;0.1328883495145631;0.07736650485436893;0.14927184466019416;0.14927184466019416;0.034890776699029125;0.009708737864077669;0.8304004854368932;0.1574635922330097;0.0024271844660194173;0.0;0.0;0.0;0.0;0.0;0.0;0.009708737864077669;0.009708737864077669;0.0;0.0;0.0;0.0;0.14229368932038836;0.18810679611650485;0.1695995145631068;0.33889563106796117;0.15139563106796117;0.009708737864077669;0.0;0.0;0.0;0.0;0.12985436893203883;0.2054004854368932;0.2154126213592233;0.285497572815534;0.154126213592233;0.1462378640776699;0.14927184466019416;0.15989077669902912;0.13197815533980584;0.185376213592233;0.13622572815533981;0.07736650485436893;0.003944174757281553;0.0;0.009708737864077669;0.7591019417475728;0.23118932038834952;0.0;0.0;0.0;0.0;0.0;0.0;0.0;0.009708737864077669;0.040655339805825245;0.0;0.0;0.0;0.0;0.0027305825242718447;0.3191747572815534;0.23361650485436894;0.2254247572815534;0.1783980582524272;0.040655339805825245;0.0;0.0;0.0;0.0;0.0;0.3570995145631068;0.24544902912621358;0.18689320388349515;0.16990291262135923;0.36559466019417475;0.1975121359223301;0.1550364077669903;0.09890776699029126;0.1337985436893204;0.00849514563106796;0.0;0.0;0.0;0.040655339805825245;0.30734223300970875;0.652002427184466;0.0;0.0;0.0;0.0;0.0;0.0;0.0;0.040655339805825245;1
0.2939356435643564;0.30074257425742573;0.04238861386138614;0.02103960396039604;0.08879950495049505;0.06961633663366337;0.06837871287128713;0.04362623762376237;0.0510519801980198;0.02042079207920792;0.5300123762376238;0.12840346534653466;0.08725247524752475;0.06466584158415842;0.05198019801980198;0.043007425742574254;0.04517326732673267;0.0213490099009901;0.01577970297029703;0.012376237623762377;0.5776608910891089;0.11448019801980198;0.08013613861386139;0.06899752475247525;0.038675742574257425;0.03712871287128713;0.03712871287128713;0.02073019801980198;0.013304455445544554;0.011757425742574257;0.08849009900990099;0.21596534653465346;0.22586633663366337;0.08601485148514851;0.021658415841584157;0.034653465346534656;0.08849009900990099;0.17202970297029702;0.06435643564356436;0.0024752475247524753;0.07363861386138613;0.11231435643564357;0.09560643564356436;0.12066831683168316;0.10952970297029703;0.11107673267326733;0.1707920792079208;0.09282178217821782;0.09962871287128713;0.013923267326732673;0.09344059405940594;0.13521039603960397;0.1531559405940594;0.15748762376237624;0.13149752475247525;0.1463490099009901;0.06837871287128713;0.050742574257425746;0.055074257425742575;0.008663366336633664;0.11478960396039604;0.14356435643564355;0.1775990099009901;0.1395420792079208;0.17017326732673269;0.09375;0.04702970297029703;0.05228960396039604;0.050742574257425746;0.01051980198019802;0.006188118811881188;0.039913366336633664;0.09622524752475248;0.1219059405940594;0.10550742574257425;0.11262376237623763;0.2790841584158416;0.1454207920792079;0.08323019801980198;0.009900990099009901;0.03125;0.0;0.0;0.0;0.0;0.0;0.029084158415841586;0.6308787128712872;0.22834158415841585;0.08044554455445545;0.03125;0.0;0.0;0.0;0.0;0.0;0.0;0.3459158415841584;0.5108292079207921;0.11200495049504951;0.4693688118811881;0.432240099009901;0.0671410891089109;0.0;0.0;0.0;0.0;0.0;0.0;0.03125;0.875309405940594;0.09344059405940594;0.0;0.0;0.0;0.0;0.0;0.0;0.0;0.03125;0.009900990099009901;0.0;0.0;0.0;0.03155940594059406;0.19152227722772278;0.11231435643564357;0.2555693069306931;0.15253712871287128;0.24659653465346534;0.009900990099009901;0.0;0.0;0.0;0.006806930693069307;0.23793316831683167;0.15129950495049505;0.1983292079207921;0.1670792079207921;0.2286509900990099;0.17945544554455445;0.11169554455445545;0.08292079207920793;0.07827970297029703;0.1395420792079208;0.0724009900990099;0.15346534653465346;0.13397277227722773;0.038366336633663366;0.009900990099009901;0.8502475247524752;0.13892326732673269;0.0009282178217821782;0.0;0.0;0.0;0.0;0.0;0.0;0.009900990099009901;0.009900990099009901;0.0;0.0;0.0;0.0;0.13923267326732675;0.1890470297029703;0.15068069306930693;0.317759900990099;0.19337871287128713;0.009900990099009901;0.0;0.0;0.0;0.0;0.14077970297029702;0.19863861386138615;0.19925742574257427;0.27382425742574257;0.1775990099009901;0.15717821782178218;0.14913366336633663;0.13366336633663367;0.12561881188118812;0.17790841584158415;0.1516089108910891;0.08818069306930693;0.006806930693069307;0.0;0.009900990099009901;0.7747524752475248;0.21534653465346534;0.0;0.0;0.0;0.0;0.0;0.0;0.0;0.009900990099009901;0.04084158415841584;0.0;0.0;0.0;0.0;0.001547029702970297;0.2936262376237624;0.2422648514851485;0.2280321782178218;0.1936881188118812;0.04084158415841584;0.0;0.0;0.0;0.0;0.0;0.3341584158415842;0.2385519801980198;0.20544554455445543;0.18100247524752475;0.3155940594059406;0.21936881188118812;0.1661509900990099;0.09746287128712872;0.14727722772277227;0.013304455445544554;0.0;0.0;0.0;0.04084158415841584;0.2400990099009901;0.7178217821782178;0.0012376237623762376;0.0;0.0;0.0;0.0;0.0;0.0;0.04084158415841584;1
0.38675742574257427;0.2063737623762376;0.034962871287128716;0.04084158415841584;0.08879950495049505;0.07611386138613861;0.0594059405940594;0.0510519801980198;0.03527227722772277;0.02042079207920792;0.45761138613861385;0.1782178217821782;0.10922029702970297;0.05785891089108911;0.054764851485148515;0.04207920792079208;0.03712871287128713;0.03032178217821782;0.01577970297029703;0.01701732673267327;0.5844678217821783;0.10612623762376237;0.08137376237623763;0.06837871287128713;0.034653465346534656;0.03558168316831683;0.040222772277227724;0.018873762376237623;0.013613861386138614;0.01670792079207921;0.13087871287128713;0.18193069306930693;0.21905940594059406;0.07951732673267327;0.01670792079207921;0.040532178217821783;0.10086633663366337;0.19616336633663367;0.029393564356435642;0.0049504950495049506;0.056002475247524754;0.11448019801980198;0.1021039603960396;0.10736386138613861;0.1188118811881188;0.1135519801980198;0.16986386138613863;0.09127475247524752;0.09405940594059406;0.03248762376237624;0.09158415841584158;0.13551980198019803;0.15253712871287128;0.14449257425742573;0.12283415841584158;0.15594059405940594;0.07023514851485149;0.053217821782178217;0.06157178217821782;0.012066831683168317;0.11107673267326733;0.14016089108910892;0.1639851485148515;0.14139851485148514;0.15965346534653466;0.13056930693069307;0.04084158415841584;0.054764851485148515;0.04486386138613861;0.012685643564356437;0.0024752475247524753;0.06002475247524752;0.0906559405940594;0.10426980198019802;0.08106435643564357;0.1469678217821782;0.18224009900990099;0.24288366336633663;0.07611386138613861;0.013304455445544554;0.03125;0.0;0.0;0.0;0.0;0.0;0.026608910891089108;0.6048886138613861;0.2469059405940594;0.09034653465346534;0.03125;0.0;0.0;0.0;0.0;0.0;0.0;0.38304455445544555;0.4631806930693069;0.12252475247524752;0.4526608910891089;0.4375;0.07858910891089109;0.0;0.0;0.0;0.0;0.0;0.0;0.03125;0.8663366336633663;0.10241336633663366;0.0;0.0;0.0;0.0;0.0;0.0;0.0;0.03125;0.009900990099009901;0.0;0.0;0.0;0.04672029702970297;0.19245049504950495;0.11943069306930693;0.24783415841584158;0.15253712871287128;0.2311262376237624;0.009900990099009901;0.0;0.0;0.0;0.01516089108910891;0.24288366336633663;0.1500618811881188;0.20235148514851486;0.16336633663366337;0.21627475247524752;0.1983292079207921;0.10829207920792079;0.08137376237623763;0.07735148514851485;0.14232673267326731;0.06961633663366337;0.15222772277227722;0.12530940594059406;0.03527227722772277;0.009900990099009901;0.8462252475247525;0.1438737623762376;0.0;0.0;0.0;0.0;0.0;0.0;0.0;0.009900990099009901;0.009900990099009901;0.0;0.0;0.0;0.0;0.14108910891089108;0.20111386138613863;0.14511138613861385;0.30909653465346537;0.1936881188118812;0.009900990099009901;0.0;0.0;0.0;0.0;0.1448019801980198;0.21318069306930693;0.18502475247524752;0.2688737623762376;0.1782178217821782;0.16676980198019803;0.15903465346534654;0.11819306930693069;0.12530940594059406;0.17264851485148514;0.15129950495049505;0.09003712871287128;0.006806930693069307;0.0;0.009900990099009901;0.8103341584158416;0.1797648514851485;0.0;0.0;0.0;0.0;0.0;0.0;0.0;0.009900990099009901;0.04084158415841584;0.0;0.0;0.0;0.0;0.007425742574257425;0.3029084158415842;0.2376237623762376;0.22772277227722773;0.18347772277227722;0.04084158415841584;0.0;0.0;0.0;0.0;0.0;0.35550742574257427;0.24102722772277227;0.2110148514851485;0.1516089108910891;0.31219059405940597;0.21225247524752475;0.1766707920792079;0.09808168316831684;0.1469678217821782;0.012995049504950494;0.0;0.0;0.0;0.04084158415841584;0.583230198019802;0.37592821782178215;0.0;0.0;0.0;0.0;0.0;0.0;0.0;0.04084158415841584;1
0.3372524752475248;0.2555693069306931;0.034962871287128716;0.03094059405940594;0.09344059405940594;0.07518564356435643;0.06652227722772278;0.04950495049504951;0.03650990099009901;0.020111386138613862;0.4594678217821782;0.1760519801980198;0.10581683168316831;0.06961633663366337;0.04826732673267327;0.04393564356435643;0.04084158415841584;0.02629950495049505;0.013923267326732673;0.01577970297029703;0.46998762376237624;0.1766707920792079;0.11169554455445545;0.05816831683168317;0.05290841584158416;0.03620049504950495;0.03032178217821782;0.03094059405940594;0.014542079207920793;0.018564356435643563;0.07982673267326733;0.21472772277227722;0.1782178217821782;0.1318069306930693;0.01701732673267327;0.03372524752475248;0.08725247524752475;0.18193069306930693;0.07054455445544554;0.0049504950495049506;0.0525990099009901;0.11045792079207921;0.10457920792079207;0.10426980198019802;0.11912128712871287;0.11478960396039604;0.1760519801980198;0.0906559405940594;0.09282178217821782;0.034653465346534656;0.09189356435643564;0.1358292079207921;0.15037128712871287;0.14263613861386137;0.12438118811881188;0.15748762376237624;0.07054455445544554;0.0510519801980198;0.06373762376237624;0.012066831683168317;0.11200495049504951;0.12871287128712872;0.16676980198019803;0.14263613861386137;0.15996287128712872;0.1318069306930693;0.04548267326732673;0.053527227722772276;0.04641089108910891;0.012685643564356437;0.054764851485148515;0.06652227722772278;0.10922029702970297;0.09405940594059406;0.07982673267326733;0.14603960396039603;0.23978960396039603;0.14232673267326731;0.0609529702970297;0.006497524752475247;0.03125;0.0;0.0;0.0;0.0;0.0;0.021967821782178217;0.6048886138613861;0.2524752475247525;0.08941831683168316;0.03125;0.0;0.0;0.0;0.0;0.0;0.0;0.3818069306930693;0.46689356435643564;0.12004950495049505;0.44863861386138615;0.44214108910891087;0.07797029702970297;0.0;0.0;0.0;0.0;0.0;0.0;0.03125;0.9229579207920792;0.04579207920792079;0.0;0.0;0.0;0.0;0.0;0.0;0.0;0.03125;0.009900990099009901;0.0;0.0;0.0;0.04672029702970297;0.1921410891089109;0.12128712871287128;0.24659653465346534;0.14418316831683167;0.2391707920792079;0.009900990099009901;0.0;0.0;0.0;0.01516089108910891;0.2438118811881188;0.14975247524752475;0.20358910891089108;0.16274752475247525;0.21503712871287128;0.19616336633663367;0.11045792079207921;0.08168316831683169;0.07642326732673267;0.14418316831683167;0.07147277227722772;0.14913366336633663;0.12561881188118812;0.034962871287128716;0.009900990099009901;0.8459158415841584;0.14418316831683167;0.0;0.0;0.0;0.0;0.0;0.0;0.0;0.009900990099009901;0.009900990099009901;0.0;0.0;0.0;0.0;0.1349009900990099;0.2020420792079208;0.14758663366336633;0.3118811881188119;0.1936881188118812;0.009900990099009901;0.0;0.0;0.0;0.0;0.1417079207920792;0.21472772277227722;0.18533415841584158;0.27011138613861385;0.1782178217821782;0.1593440594059406;0.16336633663366337;0.12159653465346534;0.1265470297029703;0.1707920792079208;0.1516089108910891;0.09003712871287128;0.006806930693069307;0.0;0.009900990099009901;0.8056930693069307;0.1844059405940594;0.0;0.0;0.0;0.0;0.0;0.0;0.0;0.009900990099009901;0.04084158415841584;0.0;0.0;0.0;0.0;0.0034034653465346535;0.3032178217821782;0.24102722772277227;0.2286509900990099;0.1828589108910891;0.04084158415841584;0.0;0.0;0.0;0.0;0.0;0.3536509900990099;0.24195544554455445;0.21287128712871287;0.15068069306930693;0.30754950495049505;0.21658415841584158;0.17574257425742573;0.10024752475247525;0.14603960396039603;0.012995049504950494;0.0;0.0;0.0;0.04084158415841584;0.5847772277227723;0.3743811881188119;0.0;0.0;0.0;0.0;0.0;0.0;0.0;0.04084158415841584;1
0.32099514563106796;0.27245145631067963;0.04641990291262136;0.03125;0.08373786407766991;0.07342233009708737;0.060072815533980584;0.05339805825242718;0.03853155339805825;0.01972087378640777;0.5163834951456311;0.1337985436893204;0.09466019417475728;0.05370145631067961;0.05946601941747573;0.04338592233009709;0.035800970873786406;0.030946601941747573;0.016383495145631068;0.015473300970873786;0.44690533980582525;0.20115291262135923;0.1049757281553398;0.05370145631067961;0.05734223300970874;0.037014563106796114;0.029429611650485438;0.033677184466019416;0.017597087378640776;0.01820388349514563;0.07827669902912622;0.21723300970873785;0.18446601941747573;0.14138349514563106;0.022148058252427185;0.03428398058252427;0.09010922330097088;0.17718446601941748;0.053094660194174755;0.0018203883495145632;0.04004854368932039;0.09132281553398058;0.10224514563106796;0.11256067961165049;0.13561893203883496;0.11559466019417476;0.19478155339805825;0.09101941747572816;0.08859223300970874;0.02821601941747573;0.0670509708737864;0.12924757281553398;0.15260922330097088;0.15655339805825244;0.127123786407767;0.15564320388349515;0.09192961165048544;0.0524878640776699;0.05976941747572816;0.00758495145631068;0.09769417475728155;0.13076456310679613;0.18446601941747573;0.15109223300970873;0.17020631067961164;0.10679611650485436;0.05703883495145631;0.05066747572815534;0.04247572815533981;0.008798543689320388;0.014563106796116505;0.07220873786407767;0.07433252427184465;0.1183252427184466;0.08313106796116505;0.14108009708737865;0.25849514563106796;0.1507888349514563;0.07888349514563107;0.008191747572815534;0.03125;0.0;0.0;0.0;0.0;0.0;0.027609223300970875;0.6480582524271845;0.23240291262135923;0.06067961165048544;0.03125;0.0;0.0;0.0;0.0;0.0;0.0;0.36650485436893204;0.5091019417475728;0.09314320388349515;0.49393203883495146;0.4229368932038835;0.051881067961165046;0.0;0.0;0.0;0.0;0.0;0.0;0.03125;0.9368932038834952;0.031856796116504854;0.0;0.0;0.0;0.0;0.0;0.0;0.0;0.03125;0.009708737864077669;0.0;0.0;0.0;0.028519417475728157;0.1787014563106796;0.12682038834951456;0.23847087378640777;0.13865291262135923;0.279126213592233;0.009708737864077669;0.0;0.0;0.0;0.0048543689320388345;0.2266383495145631;0.15442961165048544;0.19265776699029127;0.1638349514563107;0.247876213592233;0.1650485436893204;0.12014563106796117;0.08070388349514564;0.07402912621359223;0.13531553398058252;0.07281553398058252;0.15139563106796117;0.14927184466019416;0.04156553398058253;0.009708737864077669;0.8337378640776699;0.15655339805825244;0.0;0.0;0.0;0.0;0.0;0.0;0.0;0.009708737864077669;0.009708737864077669;0.0;0.0;0.0;0.0;0.14381067961165048;0.17779126213592233;0.15989077669902912;0.3255461165048544;0.18325242718446602;0.009708737864077669;0.0;0.0;0.0;0.0;0.13531553398058252;0.19569174757281554;0.2020631067961165;0.2745752427184466;0.18264563106796117;0.1553398058252427;0.1416868932038835;0.13895631067961164;0.12742718446601942;0.17597087378640777;0.15139563106796117;0.09101941747572816;0.00849514563106796;0.0;0.009708737864077669;0.7691140776699029;0.22117718446601942;0.0;0.0;0.0;0.0;0.0;0.0;0.0;0.009708737864077669;0.040655339805825245;0.0;0.0;0.0;0.0;0.012439320388349514;0.31826456310679613;0.23483009708737865;0.20570388349514562;0.18810679611650485;0.040655339805825245;0.0;0.0;0.0;0.0;0.0;0.3649878640776699;0.22694174757281554;0.20782766990291263;0.1595873786407767;0.3091626213592233;0.21268203883495146;0.16474514563106796;0.09253640776699029;0.1650485436893204;0.01516990291262136;0.0;0.0;0.0;0.040655339805825245;0.6729368932038835;0.28640776699029125;0.0;0.0;0.0;0.0;0.0;0.0;0.0;0.040655339805825245;1
0.0345873786407767;0.5361043689320388;0.060983009708737865;0.021844660194174758;0.07069174757281553;0.08222087378640777;0.07615291262135922;0.046723300970873786;0.048847087378640776;0.021844660194174758;0.42688106796116504;0.19963592233009708;0.10376213592233009;0.05855582524271845;0.05764563106796117;0.050060679611650484;0.04641990291262136;0.025182038834951456;0.016686893203883495;0.01516990291262136;0.43112864077669905;0.23027912621359223;0.09344660194174757;0.07160194174757281;0.048847087378640776;0.03822815533980582;0.04004854368932039;0.022148058252427185;0.013652912621359222;0.010618932038834952;0.04854368932038835;0.22512135922330098;0.28610436893203883;0.061893203883495146;0.03610436893203883;0.05036407766990291;0.08161407766990292;0.15776699029126215;0.04429611650485437;0.008191747572815534;0.0670509708737864;0.09678398058252427;0.11893203883495146;0.11620145631067962;0.11559466019417476;0.13561893203883496;0.18112864077669902;0.07675970873786407;0.07675970873786407;0.01516990291262136;0.07342233009708737;0.12924757281553398;0.14805825242718446;0.16080097087378642;0.1471480582524272;0.13592233009708737;0.08434466019417476;0.050060679611650484;0.06341019417475728;0.00758495145631068;0.08161407766990292;0.12075242718446602;0.14987864077669902;0.21814320388349515;0.16201456310679613;0.09951456310679611;0.07190533980582524;0.057949029126213594;0.029733009708737865;0.00849514563106796;0.010922330097087379;0.055825242718446605;0.07220873786407767;0.1204490291262136;0.1341019417475728;0.15776699029126215;0.1865898058252427;0.21814320388349515;0.03337378640776699;0.010618932038834952;0.03125;0.0;0.0;0.0;0.0;0.0;0.026395631067961164;0.6383495145631068;0.23877427184466019;0.06523058252427184;0.03125;0.0;0.0;0.0;0.0;0.0;0.0;0.4068567961165049;0.48027912621359226;0.08161407766990292;0.5003033980582524;0.39654126213592233;0.07190533980582524;0.0;0.0;0.0;0.0;0.0;0.0;0.03125;0.8853155339805825;0.08343446601941748;0.0;0.0;0.0;0.0;0.0;0.0;0.0;0.03125;0.009708737864077669;0.0;0.0;0.0;0.04399271844660194;0.15109223300970873;0.14593446601941748;0.23391990291262135;0.15169902912621358;0.2636529126213592;0.009708737864077669;0.0;0.0;0.0;0.0057645631067961165;0.22057038834951456;0.1507888349514563;0.1953883495145631;0.1638349514563107;0.25394417475728154;0.1550364077669903;0.10709951456310679;0.09587378640776699;0.07645631067961164;0.1337985436893204;0.07251213592233009;0.14987864077669902;0.15625;0.04338592233009709;0.009708737864077669;0.8683252427184466;0.12196601941747573;0.0;0.0;0.0;0.0;0.0;0.0;0.0;0.009708737864077669;0.009708737864077669;0.0;0.0;0.0;0.0;0.13774271844660194;0.16080097087378642;0.15655339805825244;0.3279733009708738;0.20722087378640777;0.009708737864077669;0.0;0.0;0.0;0.0;0.13683252427184467;0.18507281553398058;0.2032766990291262;0.279126213592233;0.18598300970873785;0.11256067961165049;0.15989077669902912;0.1316747572815534;0.13319174757281554;0.18476941747572814;0.16717233009708737;0.08828883495145631;0.012742718446601941;0.0;0.009708737864077669;0.8349514563106796;0.1553398058252427;0.0;0.0;0.0;0.0;0.0;0.0;0.0;0.009708737864077669;0.040655339805825245;0.0;0.0;0.0;0.0;0.006674757281553398;0.3058252427184466;0.2275485436893204;0.2278519417475728;0.19144417475728157;0.040655339805825245;0.0;0.0;0.0;0.0;0.00030339805825242716;0.3589199029126214;0.24029126213592233;0.189623786407767;0.17020631067961164;0.2964199029126214;0.22178398058252427;0.14411407766990292;0.1137742718446602;0.16201456310679613;0.021237864077669904;0.0;0.0;0.0;0.040655339805825245;0.25;0.7047936893203883;0.0045509708737864075;0.0;0.0;0.0;0.0;0.0;0.0;0.040655339805825245;1
0.021237864077669904;0.5430825242718447;0.06796116504854369;0.02578883495145631;0.07311893203883495;0.0737257281553398;0.07584951456310679;0.045813106796116505;0.0491504854368932;0.024271844660194174;0.41565533980582525;0.2108616504854369;0.10467233009708737;0.05612864077669903;0.06067961165048544;0.0491504854368932;0.04611650485436893;0.0245752427184466;0.01699029126213592;0.01516990291262136;0.5379247572815534;0.15018203883495146;0.07736650485436893;0.06219660194174757;0.04945388349514563;0.04338592233009709;0.03307038834951456;0.022451456310679612;0.013349514563106795;0.010618932038834952;0.02487864077669903;0.19235436893203883;0.35406553398058255;0.05825242718446602;0.025182038834951456;0.0491504854368932;0.06765776699029126;0.16262135922330098;0.05643203883495146;0.009405339805825242;0.07584951456310679;0.11225728155339806;0.10406553398058252;0.10224514563106796;0.127123786407767;0.13683252427184467;0.17506067961165048;0.0770631067961165;0.07584951456310679;0.013652912621359222;0.07281553398058252;0.12742718446601942;0.15260922330097088;0.158373786407767;0.1462378640776699;0.14016990291262135;0.08100728155339806;0.05430825242718446;0.05946601941747573;0.00758495145631068;0.09739077669902912;0.1462378640776699;0.15169902912621358;0.18021844660194175;0.16231796116504854;0.1171116504854369;0.051881067961165046;0.057949029126213594;0.02669902912621359;0.00849514563106796;0.00849514563106796;0.08525485436893204;0.0891990291262136;0.07645631067961164;0.07251213592233009;0.16201456310679613;0.15807038834951456;0.27548543689320387;0.054004854368932036;0.018507281553398057;0.03125;0.0;0.0;0.0;0.0;0.0;0.032766990291262135;0.6820388349514563;0.19933252427184467;0.05461165048543689;0.03125;0.0;0.0;0.0;0.0;0.0;0.0;0.4211165048543689;0.4684466019417476;0.0791868932038835;0.5260922330097088;0.3737864077669903;0.06887135922330097;0.0;0.0;0.0;0.0;0.0;0.0;0.03125;0.8959344660194175;0.07281553398058252;0.0;0.0;0.0;0.0;0.0;0.0;0.0;0.03125;0.009708737864077669;0.0;0.0;0.0;0.06280339805825243;0.13804611650485438;0.13986650485436894;0.22936893203883496;0.1495752427184466;0.27063106796116504;0.009708737864077669;0.0;0.0;0.0;0.006067961165048544;0.220873786407767;0.15018203883495146;0.19478155339805825;0.16747572815533981;0.2509101941747573;0.14563106796116504;0.10072815533980582;0.10618932038834951;0.07858009708737865;0.1325849514563107;0.0658373786407767;0.1650485436893204;0.15625;0.03944174757281554;0.009708737864077669;0.8252427184466019;0.1638349514563107;0.0012135922330097086;0.0;0.0;0.0;0.0;0.0;0.0;0.009708737864077669;0.009708737864077669;0.0;0.0;0.0;0.0;0.14320388349514562;0.16474514563106796;0.16262135922330098;0.314623786407767;0.20509708737864077;0.009708737864077669;0.0;0.0;0.0;0.0;0.13804611650485438;0.1865898058252427;0.2041868932038835;0.2779126213592233;0.18355582524271843;0.12560679611650485;0.1553398058252427;0.1328883495145631;0.14108009708737865;0.17020631067961164;0.16565533980582525;0.08889563106796117;0.010618932038834952;0.0;0.009708737864077669;0.8489077669902912;0.14138349514563106;0.0;0.0;0.0;0.0;0.0;0.0;0.0;0.009708737864077669;0.040655339805825245;0.0;0.0;0.0;0.0;0.0057645631067961165;0.3128033980582524;0.22360436893203883;0.23938106796116504;0.17779126213592233;0.040655339805825245;0.0;0.0;0.0;0.0;0.0;0.36104368932038833;0.23938106796116504;0.19387135922330098;0.1650485436893204;0.2945995145631068;0.2254247572815534;0.1483616504854369;0.10891990291262135;0.16262135922330098;0.019417475728155338;0.0;0.0;0.0;0.040655339805825245;0.3149271844660194;0.6419902912621359;0.0024271844660194173;0.0;0.0;0.0;0.0;0.0;0.0;0.040655339805825245;1
0.47845873786407767;0.13106796116504854;0.033677184466019416;0.0345873786407767;0.09223300970873786;0.07493932038834951;0.05521844660194175;0.044902912621359224;0.039745145631067964;0.01516990291262136;0.29520631067961167;0.3234223300970874;0.10891990291262135;0.06341019417475728;0.05855582524271845;0.04641990291262136;0.0445995145631068;0.026092233009708737;0.015776699029126214;0.017597087378640776;0.4505461165048544;0.22299757281553398;0.08980582524271845;0.07160194174757281;0.04550970873786408;0.03671116504854369;0.03913834951456311;0.019417475728155338;0.013956310679611651;0.010315533980582525;0.021844660194174758;0.16747572815533981;0.36893203883495146;0.058859223300970875;0.017597087378640776;0.03913834951456311;0.05734223300970874;0.09739077669902912;0.1553398058252427;0.01608009708737864;0.08525485436893204;0.11347087378640777;0.09951456310679611;0.10527912621359223;0.12378640776699029;0.13137135922330098;0.17233009708737865;0.07584951456310679;0.07675970873786407;0.016383495145631068;0.08555825242718447;0.13683252427184467;0.1404733009708738;0.1595873786407767;0.1483616504854369;0.1328883495145631;0.07099514563106796;0.055825242718446605;0.06037621359223301;0.009101941747572815;0.10558252427184465;0.14654126213592233;0.14775485436893204;0.17445388349514562;0.16717233009708737;0.11316747572815535;0.048847087378640776;0.055825242718446605;0.03033980582524272;0.010315533980582525;0.0048543689320388345;0.08677184466019418;0.08768203883495146;0.08950242718446602;0.07858009708737865;0.154126213592233;0.14502427184466019;0.2924757281553398;0.0491504854368932;0.01183252427184466;0.03125;0.0;0.0;0.0;0.0;0.0;0.030643203883495146;0.6608009708737864;0.20934466019417475;0.06796116504854369;0.03125;0.0;0.0;0.0;0.0;0.0;0.0;0.39714805825242716;0.47785194174757284;0.09375;0.5367111650485437;0.3628640776699029;0.0691747572815534;0.0;0.0;0.0;0.0;0.0;0.0;0.03125;0.9271844660194175;0.04156553398058253;0.0;0.0;0.0;0.0;0.0;0.0;0.0;0.03125;0.009708737864077669;0.0;0.0;0.0;0.042779126213592235;0.1774878640776699;0.12773058252427186;0.2399878640776699;0.14684466019417475;0.2554611650485437;0.009708737864077669;0.0;0.0;0.0;0.013956310679611651;0.22845873786407767;0.14563106796116504;0.2008495145631068;0.16474514563106796;0.2366504854368932;0.1720266990291262;0.10709951456310679;0.08889563106796117;0.08282766990291263;0.1341019417475728;0.07008495145631068;0.15139563106796117;0.1429004854368932;0.04095873786407767;0.009708737864077669;0.897754854368932;0.09253640776699029;0.0;0.0;0.0;0.0;0.0;0.0;0.0;0.009708737864077669;0.009708737864077669;0.0;0.0;0.0;0.0;0.1462378640776699;0.16808252427184467;0.1553398058252427;0.3140169902912621;0.20661407766990292;0.009708737864077669;0.0;0.0;0.0;0.0;0.14411407766990292;0.19387135922330098;0.19265776699029127;0.27548543689320387;0.1841626213592233;0.13015776699029127;0.16262135922330098;0.12378640776699029;0.13683252427184467;0.17263349514563106;0.16322815533980584;0.0904126213592233;0.010618932038834952;0.0;0.009708737864077669;0.5106189320388349;0.47785194174757284;0.0018203883495145632;0.0;0.0;0.0;0.0;0.0;0.0;0.009708737864077669;0.040655339805825245;0.0;0.0;0.0;0.0;0.009101941747572815;0.30430825242718446;0.22451456310679613;0.23847087378640777;0.18294902912621358;0.040655339805825245;0.0;0.0;0.0;0.0;0.0;0.35436893203883496;0.24059466019417475;0.1966019417475728;0.16777912621359223;0.3094660194174757;0.20479368932038836;0.16353155339805825;0.09860436893203883;0.16686893203883496;0.01608009708737864;0.0;0.0;0.0;0.040655339805825245;0.2824635922330097;0.6744538834951457;0.0024271844660194173;0.0;0.0;0.0;0.0;0.0;0.0;0.040655339805825245;1
0.3461771844660194;0.2630461165048544;0.04004854368932039;0.029429611650485438;0.08950242718446602;0.07858009708737865;0.05643203883495146;0.046723300970873786;0.035800970873786406;0.014259708737864078;0.30400485436893204;0.3179611650485437;0.11165048543689321;0.06462378640776699;0.05946601941747573;0.04520631067961165;0.044902912621359224;0.0245752427184466;0.013046116504854368;0.014563106796116505;0.4484223300970874;0.23088592233009708;0.09314320388349515;0.060983009708737865;0.04975728155339806;0.041868932038834954;0.03337378640776699;0.01972087378640777;0.012742718446601941;0.009101941747572815;0.03155339805825243;0.18173543689320387;0.28701456310679613;0.09860436893203883;0.03944174757281554;0.031856796116504854;0.039745145631067964;0.09192961165048544;0.16990291262135923;0.02821601941747573;0.08495145631067962;0.11741504854368932;0.09799757281553398;0.11134708737864078;0.12682038834951456;0.12378640776699029;0.17324029126213591;0.07433252427184465;0.0737257281553398;0.016383495145631068;0.08737864077669903;0.14016990291262135;0.14593446601941748;0.1571601941747573;0.14805825242718446;0.13106796116504854;0.06735436893203883;0.05370145631067961;0.060072815533980584;0.009101941747572815;0.11256067961165049;0.13986650485436894;0.15898058252427186;0.16868932038834952;0.16929611650485438;0.11013349514563107;0.047936893203883495;0.05279126213592233;0.029733009708737865;0.010012135922330098;0.007281553398058253;0.08646844660194175;0.08677184466019418;0.10133495145631068;0.07493932038834951;0.14259708737864077;0.13804611650485438;0.2979368932038835;0.04338592233009709;0.021237864077669904;0.03125;0.0;0.0;0.0;0.0;0.0;0.03155339805825243;0.6717233009708737;0.2032766990291262;0.06219660194174757;0.03125;0.0;0.0;0.0;0.0;0.0;0.0;0.3492111650485437;0.5157766990291263;0.10376213592233009;0.5130461165048543;0.3743932038834951;0.08131067961165049;0.0;0.0;0.0;0.0;0.0;0.0;0.03125;0.9296116504854369;0.03913834951456311;0.0;0.0;0.0;0.0;0.0;0.0;0.0;0.03125;0.009708737864077669;0.0;0.0;0.0;0.053094660194174755;0.1553398058252427;0.1341019417475728;0.23725728155339806;0.14654126213592233;0.26395631067961167;0.009708737864077669;0.0;0.0;0.0;0.012742718446601941;0.22057038834951456;0.14654126213592233;0.20115291262135923;0.1638349514563107;0.24544902912621358;0.16686893203883496;0.10588592233009708;0.08768203883495146;0.08131067961165049;0.1350121359223301;0.06978155339805825;0.15139563106796117;0.14896844660194175;0.04338592233009709;0.009708737864077669;0.8413228155339806;0.14896844660194175;0.0;0.0;0.0;0.0;0.0;0.0;0.0;0.009708737864077669;0.009708737864077669;0.0;0.0;0.0;0.0;0.14927184466019416;0.16049757281553398;0.158373786407767;0.3058252427184466;0.21632281553398058;0.009708737864077669;0.0;0.0;0.0;0.0;0.1471480582524272;0.18476941747572814;0.18932038834951456;0.27548543689320387;0.19356796116504854;0.13652912621359223;0.15321601941747573;0.11953883495145631;0.13440533980582525;0.1717233009708738;0.16565533980582525;0.09587378640776699;0.013349514563106795;0.0;0.009708737864077669;0.8316140776699029;0.15867718446601942;0.0;0.0;0.0;0.0;0.0;0.0;0.0;0.009708737864077669;0.040655339805825245;0.0;0.0;0.0;0.0;0.013046116504854368;0.2970266990291262;0.22117718446601942;0.23847087378640777;0.189623786407767;0.040655339805825245;0.0;0.0;0.0;0.0;0.0;0.3695388349514563;0.2660800970873786;0.19781553398058252;0.1259101941747573;0.285497572815534;0.22239077669902912;0.15109223300970873;0.11225728155339806;0.16656553398058252;0.02154126213592233;0.0;0.0;0.0;0.040655339805825245;0.28913834951456313;0.6702063106796117;0.0;0.0;0.0;0.0;0.0;0.0;0.0;0.040655339805825245;1
0.3434436274509804;0.24908088235294118;0.03829656862745098;0.03768382352941176;0.09129901960784313;0.08700980392156862;0.05606617647058824;0.05116421568627451;0.03125;0.014705882352941176;0.32077205882352944;0.2981004901960784;0.10508578431372549;0.06954656862745098;0.05943627450980392;0.04718137254901961;0.04442401960784314;0.024816176470588234;0.013174019607843137;0.017463235294117647;0.5713848039215687;0.14215686274509803;0.07169117647058823;0.06158088235294118;0.04442401960784314;0.035845588235294115;0.032475490196078434;0.01715686274509804;0.012254901960784314;0.011029411764705883;0.04503676470588235;0.19178921568627452;0.2107843137254902;0.14920343137254902;0.030330882352941176;0.04534313725490196;0.07996323529411764;0.17800245098039216;0.06556372549019608;0.003982843137254902;0.09283088235294118;0.13143382352941177;0.0934436274509804;0.10692401960784313;0.10631127450980392;0.12438725490196079;0.16973039215686275;0.07352941176470588;0.08425245098039216;0.01715686274509804;0.09681372549019608;0.15165441176470587;0.13909313725490197;0.14368872549019607;0.14736519607843138;0.12622549019607843;0.0625;0.05575980392156863;0.06678921568627451;0.01011029411764706;0.10324754901960784;0.13786764705882354;0.140625;0.19454656862745098;0.16268382352941177;0.09865196078431372;0.057904411764705885;0.052083333333333336;0.04044117647058824;0.011948529411764705;0.007965686274509803;0.08425245098039216;0.10753676470588236;0.09589460784313726;0.06985294117647059;0.1326593137254902;0.16023284313725492;0.2864583333333333;0.03799019607843137;0.01715686274509804;0.03125;0.0;0.0;0.0;0.0;0.0;0.025735294117647058;0.6032475490196079;0.25;0.0897671568627451;0.03125;0.0;0.0;0.0;0.0;0.0;0.0;0.33731617647058826;0.5113357843137255;0.12009803921568628;0.5291053921568627;0.3584558823529412;0.08118872549019608;0.0;0.0;0.0;0.0;0.0;0.0;0.03125;0.9362745098039216;0.032475490196078434;0.0;0.0;0.0;0.0;0.0;0.0;0.0;0.03125;0.00980392156862745;0.0;0.0;0.0;0.06066176470588235;0.17861519607843138;0.13051470588235295;0.2417279411764706;0.14552696078431374;0.23314950980392157;0.00980392156862745;0.0;0.0;0.0;0.013174019607843137;0.24601715686274508;0.14552696078431374;0.20680147058823528;0.16574754901960784;0.21292892156862744;0.19669117647058823;0.11887254901960784;0.0704656862745098;0.08455882352941177;0.13817401960784315;0.06801470588235294;0.15104166666666666;0.12714460784313725;0.0352328431372549;0.00980392156862745;0.84375;0.14399509803921567;0.0024509803921568627;0.0;0.0;0.0;0.0;0.0;0.0;0.00980392156862745;0.00980392156862745;0.0;0.0;0.0;0.0;0.14767156862745098;0.18075980392156862;0.16115196078431374;0.3011642156862745;0.19944852941176472;0.00980392156862745;0.0;0.0;0.0;0.0;0.14920343137254902;0.20986519607843138;0.18229166666666666;0.2705269607843137;0.17830882352941177;0.13848039215686275;0.17463235294117646;0.11458333333333333;0.13633578431372548;0.16605392156862744;0.16513480392156862;0.08670343137254902;0.008272058823529412;0.0;0.00980392156862745;0.7864583333333334;0.2037377450980392;0.0;0.0;0.0;0.0;0.0;0.0;0.0;0.00980392156862745;0.040747549019607844;0.0;0.0;0.0;0.0;0.0055147058823529415;0.2962622549019608;0.24050245098039216;0.23253676470588236;0.18443627450980393;0.040747549019607844;0.0;0.0;0.0;0.0;0.0;0.3382352941176471;0.234375;0.2104779411764706;0.17616421568627452;0.2867647058823529;0.23131127450980393;0.16237745098039216;0.11366421568627451;0.15073529411764705;0.014399509803921568;0.0;0.0;0.0;0.040747549019607844;0.2922794117647059;0.6657475490196079;0.0012254901960784314;0.0;0.0;0.0;0.0;0.0;0.0;0.040747549019607844;1
0.15379901960784315;0.43045343137254904;0.04442401960784314;0.03308823529411765;0.0857843137254902;0.09221813725490197;0.05514705882352941;0.057291666666666664;0.03370098039215686;0.014093137254901961;0.3180147058823529;0.3017769607843137;0.10294117647058823;0.06770833333333333;0.060355392156862746;0.04779411764705882;0.042279411764705885;0.025735294117647058;0.01715686274509804;0.016237745098039217;0.4537377450980392;0.21721813725490197;0.0977328431372549;0.0664828431372549;0.04779411764705882;0.037377450980392156;0.03982843137254902;0.015931372549019607;0.013174019607843137;0.010723039215686275;0.052083333333333336;0.20128676470588236;0.20435049019607843;0.1403186274509804;0.02849264705882353;0.04656862745098039;0.09068627450980392;0.15808823529411764;0.06954656862745098;0.00857843137254902;0.052083333333333336;0.10294117647058823;0.12653186274509803;0.09987745098039216;0.10845588235294118;0.13664215686274508;0.16666666666666666;0.10294117647058823;0.0818014705882353;0.022058823529411766;0.09497549019607843;0.15808823529411764;0.13633578431372548;0.14307598039215685;0.14522058823529413;0.12959558823529413;0.06403186274509803;0.05514705882352941;0.0625;0.011029411764705883;0.10324754901960784;0.1400122549019608;0.14154411764705882;0.19362745098039216;0.15931372549019607;0.10508578431372549;0.05698529411764706;0.0545343137254902;0.03462009803921569;0.011029411764705883;0.011029411764705883;0.09803921568627451;0.09313725490196079;0.09191176470588236;0.06740196078431372;0.13204656862745098;0.15870098039215685;0.28890931372549017;0.041666666666666664;0.01715686274509804;0.03125;0.0;0.0;0.0;0.0;0.0;0.032475490196078434;0.647671568627451;0.21170343137254902;0.07689950980392157;0.03125;0.0;0.0;0.0;0.0;0.0;0.0;0.3544730392156863;0.4960171568627451;0.11825980392156862;0.539828431372549;0.35018382352941174;0.07873774509803921;0.0;0.0;0.0;0.0;0.0;0.0;0.03125;0.9390318627450981;0.02971813725490196;0.0;0.0;0.0;0.0;0.0;0.0;0.0;0.03125;0.00980392156862745;0.0;0.0;0.0;0.06158088235294118;0.18045343137254902;0.12622549019607843;0.24724264705882354;0.14246323529411764;0.23223039215686275;0.00980392156862745;0.0;0.0;0.0;0.01715686274509804;0.2423406862745098;0.14522058823529413;0.2113970588235294;0.1639093137254902;0.21017156862745098;0.19791666666666666;0.11795343137254902;0.07138480392156862;0.08333333333333333;0.14215686274509803;0.06832107843137254;0.1488970588235294;0.125;0.0352328431372549;0.00980392156862745;0.8330269607843137;0.1559436274509804;0.0012254901960784314;0.0;0.0;0.0;0.0;0.0;0.0;0.00980392156862745;0.00980392156862745;0.0;0.0;0.0;0.0;0.15747549019607843;0.17830882352941177;0.16544117647058823;0.3091299019607843;0.1798406862745098;0.00980392156862745;0.0;0.0;0.0;0.0;0.15012254901960784;0.20863970588235295;0.18903186274509803;0.27328431372549017;0.16911764705882354;0.1412377450980392;0.171875;0.11764705882352941;0.1403186274509804;0.16758578431372548;0.1645220588235294;0.07873774509803921;0.008272058823529412;0.0;0.00980392156862745;0.8020833333333334;0.1881127450980392;0.0;0.0;0.0;0.0;0.0;0.0;0.0;0.00980392156862745;0.040747549019607844;0.0;0.0;0.0;0.0;0.013786764705882353;0.3128063725490196;0.22916666666666666;0.2426470588235294;0.16084558823529413;0.040747549019607844;0.0;0.0;0.0;0.0;0.0;0.34191176470588236;0.2337622549019608;0.21170343137254902;0.171875;0.29105392156862747;0.23345588235294118;0.16084558823529413;0.11213235294117647;0.14736519607843138;0.014399509803921568;0.0;0.0;0.0;0.040747549019607844;0.3180147058823529;0.6400122549019608;0.0012254901960784314;0.0;0.0;0.0;0.0;0.0;0.0;0.040747549019607844;1
0.1096813725490196;0.4721200980392157;0.044730392156862746;0.027573529411764705;0.08455882352941177;0.0934436274509804;0.0585171568627451;0.060355392156862746;0.03002450980392157;0.018995098039215685;0.5266544117647058;0.10784313725490197;0.09466911764705882;0.06219362745098039;0.0628063725490196;0.046875;0.03676470588235294;0.027573529411764705;0.015931372549019607;0.018688725490196078;0.5677083333333334;0.13204656862745098;0.07904411764705882;0.06158088235294118;0.044730392156862746;0.03829656862745098;0.03308823529411765;0.017463235294117647;0.013174019607843137;0.012867647058823529;0.029411764705882353;0.17432598039215685;0.22855392156862744;0.1639093137254902;0.02696078431372549;0.04044117647058824;0.09283088235294118;0.1721813725490196;0.06341911764705882;0.007965686274509803;0.0508578431372549;0.09466911764705882;0.10049019607843138;0.11856617647058823;0.11519607843137254;0.12254901960784313;0.17708333333333334;0.09957107843137254;0.08639705882352941;0.03462009803921569;0.0934436274509804;0.1479779411764706;0.13909313725490197;0.14491421568627452;0.10631127450980392;0.15471813725490197;0.07628676470588236;0.06004901960784314;0.06525735294117647;0.011948529411764705;0.09987745098039216;0.12990196078431374;0.1409313725490196;0.19822303921568626;0.15808823529411764;0.1053921568627451;0.06311274509803921;0.052083333333333336;0.03952205882352941;0.012867647058823529;0.007352941176470588;0.08455882352941177;0.07720588235294118;0.09283088235294118;0.06862745098039216;0.15226715686274508;0.17585784313725492;0.28737745098039214;0.0392156862745098;0.014705882352941176;0.03125;0.0;0.0;0.0;0.0;0.0;0.03982843137254902;0.632046568627451;0.22120098039215685;0.07567401960784313;0.03125;0.0;0.0;0.0;0.0;0.0;0.0;0.35692401960784315;0.49693627450980393;0.11488970588235294;0.5361519607843137;0.3550857843137255;0.07751225490196079;0.0;0.0;0.0;0.0;0.0;0.0;0.03125;0.9375;0.03125;0.0;0.0;0.0;0.0;0.0;0.0;0.0;0.03125;0.00980392156862745;0.0;0.0;0.0;0.06158088235294118;0.17800245098039216;0.12683823529411764;0.24785539215686275;0.14246323529411764;0.23345588235294118;0.00980392156862745;0.0;0.0;0.0;0.01715686274509804;0.24295343137254902;0.1488970588235294;0.20741421568627452;0.16145833333333334;0.21231617647058823;0.19761029411764705;0.11611519607843138;0.0744485294117647;0.08241421568627451;0.1409313725490196;0.06678921568627451;0.15042892156862744;0.12408088235294118;0.037377450980392156;0.00980392156862745;0.8226102941176471;0.16758578431372548;0.0;0.0;0.0;0.0;0.0;0.0;0.0;0.00980392156862745;0.00980392156862745;0.0;0.0;0.0;0.0;0.1482843137254902;0.1878063725490196;0.16574754901960784;0.30484068627450983;0.18351715686274508;0.00980392156862745;0.0;0.0;0.0;0.0;0.14675245098039216;0.2110906862745098;0.19117647058823528;0.2696078431372549;0.1715686274509804;0.13511029411764705;0.17585784313725492;0.1213235294117647;0.13725490196078433;0.16605392156862744;0.16574754901960784;0.08057598039215687;0.008272058823529412;0.0;0.00980392156862745;0.8023897058823529;0.1878063725490196;0.0;0.0;0.0;0.0;0.0;0.0;0.0;0.00980392156862745;0.040747549019607844;0.0;0.0;0.0;0.0;0.004595588235294118;0.30514705882352944;0.23284313725490197;0.23774509803921567;0.17892156862745098;0.040747549019607844;0.0;0.0;0.0;0.0;0.0;0.34221813725490197;0.23621323529411764;0.2110906862745098;0.16973039215686275;0.29105392156862747;0.2337622549019608;0.15778186274509803;0.11580882352941177;0.14644607843137256;0.014399509803921568;0.0;0.0;0.0;0.040747549019607844;0.2757352941176471;0.6822916666666666;0.0012254901960784314;0.0;0.0;0.0;0.0;0.0;0.0;0.040747549019607844;1
0.08088235294117647;0.4895833333333333;0.0545343137254902;0.022058823529411766;0.09252450980392157;0.08241421568627451;0.06587009803921569;0.056372549019607844;0.03829656862745098;0.017463235294117647;0.5269607843137255;0.10784313725490197;0.09589460784313726;0.06096813725490196;0.05912990196078431;0.046262254901960786;0.037377450980392156;0.029105392156862746;0.017769607843137254;0.018688725490196078;0.5762867647058824;0.1253063725490196;0.078125;0.057904411764705885;0.04503676470588235;0.03768382352941176;0.03462009803921569;0.02022058823529412;0.012561274509803922;0.012254901960784314;0.04656862745098039;0.18596813725490197;0.2028186274509804;0.15992647058823528;0.0272671568627451;0.041666666666666664;0.09528186274509803;0.17493872549019607;0.05821078431372549;0.007352941176470588;0.0508578431372549;0.10692401960784313;0.0974264705882353;0.1170343137254902;0.1130514705882353;0.11856617647058823;0.1875;0.09191176470588236;0.08333333333333333;0.033394607843137254;0.09313725490196079;0.14981617647058823;0.13848039215686275;0.14705882352941177;0.10723039215686274;0.14920343137254902;0.07536764705882353;0.06341911764705882;0.06464460784313726;0.011642156862745098;0.10263480392156862;0.12928921568627452;0.13939950980392157;0.20098039215686275;0.15870098039215685;0.10263480392156862;0.0625;0.05361519607843137;0.037377450980392156;0.012867647058823529;0.014705882352941176;0.09191176470588236;0.08946078431372549;0.08302696078431372;0.06862745098039216;0.1479779411764706;0.16605392156862744;0.28952205882352944;0.04381127450980392;0.004901960784313725;0.03125;0.0;0.0;0.0;0.0;0.0;0.04044117647058824;0.640625;0.21721813725490197;0.0704656862745098;0.03125;0.0;0.0;0.0;0.0;0.0;0.0;0.3648897058823529;0.49080882352941174;0.1130514705882353;0.5502450980392157;0.34589460784313725;0.07261029411764706;0.0;0.0;0.0;0.0;0.0;0.0;0.03125;0.9172794117647058;0.051470588235294115;0.0;0.0;0.0;0.0;0.0;0.0;0.0;0.03125;0.00980392156862745;0.0;0.0;0.0;0.06219362745098039;0.18535539215686275;0.12653186274509803;0.2423406862745098;0.14154411764705882;0.23223039215686275;0.00980392156862745;0.0;0.0;0.0;0.017463235294117647;0.24662990196078433;0.14583333333333334;0.20618872549019607;0.16207107843137256;0.21200980392156862;0.20006127450980393;0.1170343137254902;0.07475490196078431;0.07935049019607843;0.1403186274509804;0.06801470588235294;0.14920343137254902;0.12438725490196079;0.03707107843137255;0.00980392156862745;0.8480392156862745;0.14215686274509803;0.0;0.0;0.0;0.0;0.0;0.0;0.0;0.00980392156862745;0.00980392156862745;0.0;0.0;0.0;0.0;0.14950980392156862;0.18535539215686275;0.16758578431372548;0.30974264705882354;0.17800245098039216;0.00980392156862745;0.0;0.0;0.0;0.0;0.14705882352941177;0.21415441176470587;0.1875;0.27267156862745096;0.16881127450980393;0.15533088235294118;0.17493872549019607;0.1130514705882353;0.14430147058823528;0.15870098039215685;0.15716911764705882;0.08057598039215687;0.006127450980392157;0.0;0.00980392156862745;0.7977941176470589;0.19240196078431374;0.0;0.0;0.0;0.0;0.0;0.0;0.0;0.00980392156862745;0.040747549019607844;0.0;0.0;0.0;0.0;0.006433823529411764;0.31096813725490197;0.23039215686274508;0.2340686274509804;0.17738970588235295;0.040747549019607844;0.0;0.0;0.0;0.0;0.0;0.3446691176470588;0.2340686274509804;0.2110906862745098;0.16942401960784315;0.33700980392156865;0.20220588235294118;0.1636029411764706;0.10723039215686274;0.13878676470588236;0.010416666666666666;0.0;0.0;0.0;0.040747549019607844;0.3069852941176471;0.6522671568627451;0.0;0.0;0.0;0.0;0.0;0.0;0.0;0.040747549019607844;1
0.4824029126213592;0.12408980582524272;0.032766990291262135;0.03125;0.08495145631067962;0.07554611650485436;0.05643203883495146;0.05946601941747573;0.03519417475728155;0.017900485436893203;0.5206310679611651;0.11407766990291263;0.08282766990291263;0.05521844660194175;0.06371359223300971;0.050970873786407765;0.03731796116504854;0.033677184466019416;0.022148058252427185;0.019417475728155338;0.5533980582524272;0.13106796116504854;0.07554611650485436;0.05976941747572816;0.048847087378640776;0.04095873786407767;0.03671116504854369;0.023058252427184466;0.015473300970873786;0.01516990291262136;0.044902912621359224;0.16747572815533981;0.21480582524271843;0.1875;0.020934466019417477;0.04399271844660194;0.07766990291262135;0.14229368932038836;0.09344660194174757;0.006978155339805826;0.05552184466019418;0.0891990291262136;0.09890776699029126;0.10922330097087378;0.1304611650485437;0.12105582524271845;0.17445388349514562;0.11195388349514564;0.07402912621359223;0.03519417475728155;0.07858009708737865;0.13774271844660194;0.15230582524271843;0.14441747572815533;0.13592233009708737;0.14411407766990292;0.07311893203883495;0.06432038834951456;0.060072815533980584;0.009405339805825242;0.07524271844660194;0.11286407766990292;0.18780339805825244;0.17050970873786409;0.15898058252427186;0.13561893203883496;0.06128640776699029;0.05946601941747573;0.03033980582524272;0.007888349514563107;0.00849514563106796;0.0770631067961165;0.07858009708737865;0.07797330097087378;0.06492718446601942;0.1729368932038835;0.18567961165048544;0.29399271844660196;0.03307038834951456;0.007281553398058253;0.03125;0.0;0.0;0.0;0.0;0.0;0.04854368932038835;0.6771844660194175;0.19902912621359223;0.04399271844660194;0.03125;0.0;0.0;0.0;0.0;0.0;0.0;0.38076456310679613;0.5069781553398058;0.08100728155339806;0.5855582524271845;0.33313106796116504;0.050060679611650484;0.0;0.0;0.0;0.0;0.0;0.0;0.03125;0.5418689320388349;0.42688106796116504;0.0;0.0;0.0;0.0;0.0;0.0;0.0;0.03125;0.009708737864077669;0.0;0.0;0.0;0.055825242718446605;0.15989077669902912;0.1404733009708738;0.22845873786407767;0.14472087378640777;0.2609223300970874;0.009708737864077669;0.0;0.0;0.0;0.0045509708737864075;0.23756067961165048;0.1507888349514563;0.19569174757281554;0.16444174757281554;0.23725728155339806;0.16990291262135923;0.12378640776699029;0.08100728155339806;0.07311893203883495;0.13349514563106796;0.0703883495145631;0.15473300970873785;0.1404733009708738;0.04338592233009709;0.009708737864077669;0.8121966019417476;0.17809466019417475;0.0;0.0;0.0;0.0;0.0;0.0;0.0;0.009708737864077669;0.009708737864077669;0.0;0.0;0.0;0.0;0.14350728155339806;0.17566747572815533;0.16899271844660194;0.32645631067961167;0.17566747572815533;0.009708737864077669;0.0;0.0;0.0;0.0;0.1383495145631068;0.1966019417475728;0.21298543689320387;0.27730582524271846;0.1650485436893204;0.14502427184466019;0.15867718446601942;0.13531553398058252;0.1474514563106796;0.1641383495145631;0.15230582524271843;0.08100728155339806;0.006371359223300971;0.0;0.009708737864077669;0.8219053398058253;0.16838592233009708;0.0;0.0;0.0;0.0;0.0;0.0;0.0;0.009708737864077669;0.040655339805825245;0.0;0.0;0.0;0.0;0.007281553398058253;0.31644417475728154;0.23179611650485438;0.2275485436893204;0.17627427184466019;0.040655339805825245;0.0;0.0;0.0;0.0;0.0;0.3604368932038835;0.2254247572815534;0.20266990291262135;0.1708131067961165;0.3461771844660194;0.19993932038834952;0.1574635922330097;0.10376213592233009;0.14138349514563106;0.010618932038834952;0.0;0.0;0.0;0.040655339805825245;0.3158373786407767;0.6435072815533981;0.0;0.0;0.0;0.0;0.0;0.0;0.0;0.040655339805825245;1
0.3238357843137255;0.2662377450980392;0.03615196078431373;0.030637254901960783;0.09037990196078431;0.0860906862745098;0.05606617647058824;0.05575980392156863;0.03462009803921569;0.02022058823529412;0.5355392156862745;0.09497549019607843;0.09589460784313726;0.06525735294117647;0.05698529411764706;0.04656862745098039;0.04105392156862745;0.025122549019607844;0.01991421568627451;0.018688725490196078;0.5410539215686274;0.13694852941176472;0.08486519607843138;0.05545343137254902;0.04993872549019608;0.040747549019607844;0.0389093137254902;0.020526960784313725;0.01715686274509804;0.014399509803921568;0.04963235294117647;0.16574754901960784;0.19301470588235295;0.19148284313725492;0.020833333333333332;0.030330882352941176;0.08333333333333333;0.17401960784313725;0.08149509803921569;0.01011029411764706;0.0508578431372549;0.09712009803921569;0.12162990196078431;0.10508578431372549;0.11060049019607843;0.1403186274509804;0.17585784313725492;0.09987745098039216;0.06985294117647059;0.028799019607843136;0.09068627450980392;0.15165441176470587;0.1409313725490196;0.14644607843137256;0.13848039215686275;0.13480392156862744;0.06740196078431372;0.0545343137254902;0.06403186274509803;0.011029411764705883;0.10110294117647059;0.12683823529411764;0.17493872549019607;0.1636029411764706;0.1957720588235294;0.08394607843137254;0.0585171568627451;0.051470588235294115;0.034926470588235295;0.008884803921568627;0.00980392156862745;0.08731617647058823;0.06311274509803921;0.10661764705882353;0.06985294117647059;0.10814950980392157;0.15716911764705882;0.2613357843137255;0.11397058823529412;0.02267156862745098;0.03125;0.0;0.0;0.0;0.0;0.0;0.04595588235294118;0.632046568627451;0.22150735294117646;0.06924019607843138;0.03125;0.0;0.0;0.0;0.0;0.0;0.0;0.3645833333333333;0.49295343137254904;0.11121323529411764;0.5355392156862745;0.36182598039215685;0.07138480392156862;0.0;0.0;0.0;0.0;0.0;0.0;0.03125;0.5012254901960784;0.4675245098039216;0.0;0.0;0.0;0.0;0.0;0.0;0.0;0.03125;0.00980392156862745;0.0;0.0;0.0;0.04534313725490196;0.1948529411764706;0.13848039215686275;0.23314950980392157;0.14215686274509803;0.23621323529411764;0.00980392156862745;0.0;0.0;0.0;0.017769607843137254;0.24754901960784315;0.14552696078431374;0.20588235294117646;0.16299019607843138;0.2104779411764706;0.19944852941176472;0.11642156862745098;0.07689950980392157;0.07720588235294118;0.1403186274509804;0.07506127450980392;0.14736519607843138;0.12193627450980392;0.03553921568627451;0.00980392156862745;0.8314950980392157;0.15870098039215685;0.0;0.0;0.0;0.0;0.0;0.0;0.0;0.00980392156862745;0.00980392156862745;0.0;0.0;0.0;0.0;0.15349264705882354;0.18504901960784315;0.16145833333333334;0.3121936274509804;0.17800245098039216;0.00980392156862745;0.0;0.0;0.0;0.0;0.1482843137254902;0.21507352941176472;0.18658088235294118;0.27144607843137253;0.16881127450980393;0.15073529411764705;0.17861519607843138;0.11182598039215687;0.14246323529411764;0.16268382352941177;0.15716911764705882;0.08057598039215687;0.006127450980392157;0.0;0.00980392156862745;0.8085171568627451;0.18167892156862744;0.0;0.0;0.0;0.0;0.0;0.0;0.0;0.00980392156862745;0.040747549019607844;0.0;0.0;0.0;0.0;0.004595588235294118;0.31954656862745096;0.22732843137254902;0.22855392156862744;0.1792279411764706;0.040747549019607844;0.0;0.0;0.0;0.0;0.0;0.34681372549019607;0.23590686274509803;0.21170343137254902;0.16482843137254902;0.3330269607843137;0.20894607843137256;0.1636029411764706;0.11090686274509803;0.1323529411764706;0.010416666666666666;0.0;0.0;0.0;0.040747549019607844;0.2815563725490196;0.6776960784313726;0.0;0.0;0.0;0.0;0.0;0.0;0.0;0.040747549019607844;1
0.2988861386138614;0.28465346534653463;0.03558168316831683;0.0343440594059406;0.08601485148514851;0.08663366336633663;0.0609529702970297;0.054146039603960396;0.038366336633663366;0.02042079207920792;0.5352722772277227;0.08849009900990099;0.09777227722772278;0.06590346534653466;0.05971534653465346;0.04672029702970297;0.04238861386138614;0.023824257425742575;0.02103960396039604;0.018873762376237623;0.5686881188118812;0.12438118811881188;0.07580445544554455;0.05136138613861386;0.05228960396039604;0.04146039603960396;0.038675742574257425;0.017945544554455444;0.017636138613861384;0.011757425742574257;0.050742574257425746;0.13861386138613863;0.20482673267326731;0.19863861386138615;0.021967821782178217;0.03341584158415842;0.10086633663366337;0.18007425742574257;0.06219059405940594;0.008663366336633664;0.06775990099009901;0.10767326732673267;0.10829207920792079;0.09870049504950495;0.11231435643564357;0.1448019801980198;0.1782178217821782;0.08168316831683169;0.07147277227722772;0.029084158415841586;0.08972772277227722;0.1531559405940594;0.13675742574257427;0.1469678217821782;0.14077970297029702;0.13892326732673269;0.0671410891089109;0.05012376237623763;0.06435643564356436;0.012066831683168317;0.09931930693069307;0.12871287128712872;0.1707920792079208;0.16336633663366337;0.15841584158415842;0.11974009900990099;0.053217821782178217;0.06435643564356436;0.0327970297029703;0.009282178217821782;0.01051980198019802;0.06930693069306931;0.04764851485148515;0.12283415841584158;0.07301980198019802;0.08292079207920793;0.1639851485148515;0.24350247524752475;0.1432549504950495;0.043007425742574254;0.03125;0.0;0.0;0.0;0.0;0.0;0.03217821782178218;0.6401608910891089;0.2249381188118812;0.07147277227722772;0.03125;0.0;0.0;0.0;0.0;0.0;0.0;0.3623143564356436;0.4938118811881188;0.11262376237623763;0.5272277227722773;0.3681930693069307;0.07332920792079207;0.0;0.0;0.0;0.0;0.0;0.0;0.03125;0.7722772277227723;0.19647277227722773;0.0;0.0;0.0;0.0;0.0;0.0;0.0;0.03125;0.009900990099009901;0.0;0.0;0.0;0.04486386138613861;0.19863861386138615;0.13861386138613863;0.23731435643564355;0.13768564356435645;0.23298267326732675;0.009900990099009901;0.0;0.0;0.0;0.017636138613861384;0.25092821782178215;0.1438737623762376;0.21225247524752475;0.1646039603960396;0.20080445544554457;0.20111386138613863;0.11726485148514851;0.08137376237623763;0.07580445544554455;0.14418316831683167;0.06930693069306931;0.15284653465346534;0.11571782178217822;0.03248762376237624;0.009900990099009901;0.8254950495049505;0.1646039603960396;0.0;0.0;0.0;0.0;0.0;0.0;0.0;0.009900990099009901;0.009900990099009901;0.0;0.0;0.0;0.0;0.15655940594059406;0.18626237623762376;0.15284653465346534;0.3217821782178218;0.17264851485148514;0.009900990099009901;0.0;0.0;0.0;0.0;0.13892326732673269;0.22834158415841585;0.18997524752475248;0.2719678217821782;0.1608910891089109;0.1516089108910891;0.18347772277227722;0.11571782178217822;0.14016089108910892;0.16893564356435645;0.15686881188118812;0.07147277227722772;0.0018564356435643563;0.0;0.009900990099009901;0.8140470297029703;0.1760519801980198;0.0;0.0;0.0;0.0;0.0;0.0;0.0;0.009900990099009901;0.04084158415841584;0.0;0.0;0.0;0.0;0.005878712871287129;0.30816831683168316;0.23514851485148514;0.22586633663366337;0.18409653465346534;0.04084158415841584;0.0;0.0;0.0;0.0;0.0;0.33353960396039606;0.25464108910891087;0.21349009900990099;0.15748762376237624;0.33879950495049505;0.2094678217821782;0.1686262376237624;0.10952970297029703;0.1265470297029703;0.006188118811881188;0.0;0.0;0.0;0.04084158415841584;0.28279702970297027;0.6763613861386139;0.0;0.0;0.0;0.0;0.0;0.0;0.0;0.04084158415841584;1
0.24597772277227722;0.3372524752475248;0.04362623762376237;0.026918316831683168;0.08663366336633663;0.07797029702970297;0.06497524752475248;0.04981435643564357;0.043007425742574254;0.023824257425742575;0.5380569306930693;0.0952970297029703;0.09498762376237624;0.06590346534653466;0.06466584158415842;0.04362623762376237;0.0426980198019802;0.019492574257425743;0.019801980198019802;0.01547029702970297;0.5739480198019802;0.1265470297029703;0.07673267326732673;0.04486386138613861;0.050742574257425746;0.040222772277227724;0.03125;0.02629950495049505;0.01701732673267327;0.012376237623762377;0.04579207920792079;0.16676980198019803;0.19863861386138615;0.19121287128712872;0.02073019801980198;0.0343440594059406;0.08106435643564357;0.20080445544554457;0.05198019801980198;0.008663366336633664;0.07642326732673267;0.10303217821782178;0.11231435643564357;0.10148514851485149;0.11417079207920793;0.14511138613861385;0.1745049504950495;0.0724009900990099;0.07425742574257425;0.02629950495049505;0.10272277227722772;0.1500618811881188;0.1448019801980198;0.1593440594059406;0.1150990099009901;0.13613861386138615;0.06775990099009901;0.04888613861386139;0.06311881188118812;0.012066831683168317;0.09251237623762376;0.10457920792079207;0.17728960396039603;0.1775990099009901;0.17728960396039603;0.10117574257425743;0.0655940594059406;0.0426980198019802;0.05198019801980198;0.009282178217821782;0.03094059405940594;0.04455445544554455;0.06373762376237624;0.12407178217821782;0.07178217821782178;0.08415841584158416;0.16027227722772278;0.25154702970297027;0.13521039603960397;0.03372524752475248;0.03125;0.0;0.0;0.0;0.0;0.0;0.03527227722772277;0.6503712871287128;0.21318069306930693;0.06992574257425743;0.03125;0.0;0.0;0.0;0.0;0.0;0.0;0.36386138613861385;0.494740099009901;0.11014851485148515;0.5581683168316832;0.3409653465346535;0.06961633663366337;0.0;0.0;0.0;0.0;0.0;0.0;0.03125;0.8013613861386139;0.16738861386138615;0.0;0.0;0.0;0.0;0.0;0.0;0.0;0.03125;0.009900990099009901;0.0;0.0;0.0;0.03063118811881188;0.20544554455445543;0.13366336633663367;0.24288366336633663;0.13706683168316833;0.24040841584158415;0.009900990099009901;0.0;0.0;0.0;0.019801980198019802;0.24350247524752475;0.14511138613861385;0.20761138613861385;0.1646039603960396;0.2094678217821782;0.1989480198019802;0.12066831683168316;0.07301980198019802;0.08137376237623763;0.1379950495049505;0.06899752475247525;0.15191831683168316;0.12128712871287128;0.03589108910891089;0.009900990099009901;0.8146658415841584;0.17543316831683167;0.0;0.0;0.0;0.0;0.0;0.0;0.0;0.009900990099009901;0.009900990099009901;0.0;0.0;0.0;0.0;0.15377475247524752;0.18347772277227722;0.15222772277227722;0.3180693069306931;0.18254950495049505;0.009900990099009901;0.0;0.0;0.0;0.0;0.12933168316831684;0.22741336633663367;0.19028465346534654;0.2722772277227723;0.1707920792079208;0.1500618811881188;0.1745049504950495;0.1166460396039604;0.13923267326732675;0.16955445544554457;0.15903465346534654;0.07704207920792079;0.004022277227722772;0.0;0.009900990099009901;0.8168316831683168;0.17326732673267325;0.0;0.0;0.0;0.0;0.0;0.0;0.0;0.009900990099009901;0.04084158415841584;0.0;0.0;0.0;0.0;0.00525990099009901;0.3261138613861386;0.22586633663366337;0.23143564356435645;0.17048267326732675;0.04084158415841584;0.0;0.0;0.0;0.0;0.0;0.34405940594059403;0.24412128712871287;0.2103960396039604;0.16058168316831684;0.3400371287128713;0.20513613861386137;0.1639851485148515;0.11417079207920793;0.12747524752475248;0.008353960396039604;0.0;0.0;0.0;0.04084158415841584;0.3189975247524752;0.6401608910891089;0.0;0.0;0.0;0.0;0.0;0.0;0.0;0.04084158415841584;1
0.35163834951456313;0.24635922330097088;0.033677184466019416;0.021844660194174758;0.08404126213592233;0.07979368932038836;0.06067961165048544;0.05157766990291262;0.04611650485436893;0.024271844660194174;0.4830097087378641;0.14350728155339806;0.08464805825242719;0.0591626213592233;0.06735436893203883;0.04247572815533981;0.04824029126213592;0.030946601941747573;0.023058252427184466;0.017597087378640776;0.15048543689320387;0.45964805825242716;0.09921116504854369;0.054915048543689324;0.06826456310679611;0.04611650485436893;0.04763349514563107;0.029429611650485438;0.022148058252427185;0.022148058252427185;0.04308252427184466;0.2263349514563107;0.27154126213592233;0.07342233009708737;0.02063106796116505;0.05946601941747573;0.1708131067961165;0.11862864077669903;0.012135922330097087;0.003944174757281553;0.06067961165048544;0.09526699029126214;0.11893203883495146;0.09101941747572816;0.11589805825242719;0.14320388349514562;0.16838592233009708;0.09162621359223301;0.09769417475728155;0.01729368932038835;0.0691747572815534;0.13106796116504854;0.15260922330097088;0.14593446601941748;0.14684466019417475;0.15382281553398058;0.08222087378640777;0.04733009708737864;0.058859223300970875;0.012135922330097087;0.08222087378640777;0.13137135922330098;0.1341019417475728;0.16353155339805825;0.14654126213592233;0.14775485436893204;0.07281553398058252;0.051881067961165046;0.058859223300970875;0.010922330097087379;0.03337378640776699;0.05521844660194175;0.09314320388349515;0.08495145631067962;0.07251213592233009;0.13137135922330098;0.1820388349514563;0.27154126213592233;0.05976941747572816;0.01608009708737864;0.03125;0.0;0.0;0.0;0.0;0.0;0.0051577669902912624;0.6459344660194175;0.2636529126213592;0.054004854368932036;0.03125;0.0;0.0;0.0;0.0;0.0;0.0;0.3919902912621359;0.49514563106796117;0.08161407766990292;0.5206310679611651;0.39836165048543687;0.04975728155339806;0.0;0.0;0.0;0.0;0.0;0.0;0.03125;0.9338592233009708;0.034890776699029125;0.0;0.0;0.0;0.0;0.0;0.0;0.0;0.03125;0.009708737864077669;0.0;0.0;0.0;0.021844660194174758;0.18932038834951456;0.12682038834951456;0.24393203883495146;0.12773058252427186;0.2806432038834951;0.009708737864077669;0.0;0.0;0.0;0.008191747572815534;0.23756067961165048;0.15230582524271843;0.1941747572815534;0.16595873786407767;0.2320995145631068;0.17779126213592233;0.12803398058252427;0.0770631067961165;0.07888349514563107;0.13319174757281554;0.08768203883495146;0.1483616504854369;0.1325849514563107;0.02669902912621359;0.009708737864077669;0.8206917475728155;0.1695995145631068;0.0;0.0;0.0;0.0;0.0;0.0;0.0;0.009708737864077669;0.009708737864077669;0.0;0.0;0.0;0.0;0.15351941747572814;0.16656553398058252;0.15776699029126215;0.35133495145631066;0.16110436893203883;0.009708737864077669;0.0;0.0;0.0;0.0;0.12985436893203883;0.21177184466019416;0.216626213592233;0.27305825242718446;0.15898058252427186;0.10345873786407767;0.17475728155339806;0.1574635922330097;0.13197815533980584;0.18234223300970873;0.16019417475728157;0.07281553398058252;0.007281553398058253;0.0;0.009708737864077669;0.7612257281553398;0.22906553398058252;0.0;0.0;0.0;0.0;0.0;0.0;0.0;0.009708737864077669;0.040655339805825245;0.0;0.0;0.0;0.0;0.0036407766990291263;0.3285800970873786;0.22997572815533981;0.2287621359223301;0.16838592233009708;0.040655339805825245;0.0;0.0;0.0;0.0;0.0;0.3737864077669903;0.22360436893203883;0.21146844660194175;0.15048543689320387;0.30855582524271846;0.2333131067961165;0.1550364077669903;0.11225728155339806;0.13925970873786409;0.010922330097087379;0.0;0.0;0.0;0.040655339805825245;0.6953883495145631;0.26395631067961167;0.0;0.0;0.0;0.0;0.0;0.0;0.0;0.040655339805825245;1
0.26183252427184467;0.32402912621359226;0.042779126213592235;0.017597087378640776;0.07311893203883495;0.08009708737864078;0.06158980582524272;0.05279126213592233;0.055825242718446605;0.03033980582524272;0.5236650485436893;0.10709951456310679;0.08495145631067962;0.051881067961165046;0.06796116504854369;0.04156553398058253;0.03822815533980582;0.040655339805825245;0.02366504854368932;0.020327669902912623;0.021237864077669904;0.5700849514563107;0.10861650485436893;0.06462378640776699;0.06674757281553398;0.04004854368932039;0.0524878640776699;0.031856796116504854;0.022148058252427185;0.022148058252427185;0.0625;0.220873786407767;0.2029733009708738;0.13137135922330098;0.01729368932038835;0.06037621359223301;0.16565533980582525;0.1262135922330097;0.008798543689320388;0.003944174757281553;0.07251213592233009;0.09981796116504854;0.10254854368932038;0.10649271844660194;0.10618932038834951;0.13652912621359223;0.18719660194174756;0.07160194174757281;0.09678398058252427;0.020327669902912623;0.06796116504854369;0.11984223300970874;0.14472087378640777;0.14805825242718446;0.13683252427184467;0.18446601941747573;0.07736650485436893;0.05218446601941747;0.060072815533980584;0.00849514563106796;0.08161407766990292;0.13319174757281554;0.14563106796116504;0.15989077669902912;0.14016990291262135;0.1486650485436893;0.0691747572815534;0.05521844660194175;0.05825242718446602;0.008191747572815534;0.038834951456310676;0.05734223300970874;0.11771844660194175;0.07311893203883495;0.13622572815533981;0.16990291262135923;0.2921723300970874;0.08404126213592233;0.023361650485436893;0.007281553398058253;0.03125;0.0;0.0;0.0;0.0;0.0;0.010012135922330098;0.6544296116504854;0.2533373786407767;0.050970873786407765;0.03125;0.0;0.0;0.0;0.0;0.0;0.0;0.39775485436893204;0.4945388349514563;0.07645631067961164;0.5106189320388349;0.4044296116504854;0.05370145631067961;0.0;0.0;0.0;0.0;0.0;0.0;0.03125;0.9274878640776699;0.0412621359223301;0.0;0.0;0.0;0.0;0.0;0.0;0.0;0.03125;0.009708737864077669;0.0;0.0;0.0;0.027609223300970875;0.18476941747572814;0.12257281553398058;0.24848300970873785;0.13106796116504854;0.2757888349514563;0.009708737864077669;0.0;0.0;0.0;0.003944174757281553;0.2466626213592233;0.1474514563106796;0.19023058252427186;0.16322815533980584;0.23877427184466019;0.17263349514563106;0.1316747572815534;0.07766990291262135;0.07645631067961164;0.13228155339805825;0.08616504854368932;0.15139563106796117;0.1328883495145631;0.02912621359223301;0.009708737864077669;0.818871359223301;0.16899271844660194;0.0024271844660194173;0.0;0.0;0.0;0.0;0.0;0.0;0.009708737864077669;0.009708737864077669;0.0;0.0;0.0;0.0;0.14654126213592233;0.17657766990291263;0.15382281553398058;0.3431432038834951;0.17020631067961164;0.009708737864077669;0.0;0.0;0.0;0.0;0.13076456310679613;0.20054611650485438;0.21692961165048544;0.283373786407767;0.15867718446601942;0.10436893203883495;0.1741504854368932;0.1550364077669903;0.14259708737864077;0.17779126213592233;0.1595873786407767;0.07251213592233009;0.00424757281553398;0.0;0.009708737864077669;0.7709344660194175;0.21935679611650485;0.0;0.0;0.0;0.0;0.0;0.0;0.0;0.009708737864077669;0.040655339805825245;0.0;0.0;0.0;0.0;0.0012135922330097086;0.3191747572815534;0.2421116504854369;0.22239077669902912;0.17445388349514562;0.040655339805825245;0.0;0.0;0.0;0.0;0.0;0.3574029126213592;0.24150485436893204;0.20115291262135923;0.15928398058252427;0.31826456310679613;0.22694174757281554;0.158373786407767;0.10649271844660194;0.1395631067961165;0.009708737864077669;0.0;0.0;0.0;0.040655339805825245;0.7964199029126213;0.1629247572815534;0.0;0.0;0.0;0.0;0.0;0.0;0.0;0.040655339805825245;1
